0.0005008 0 0 0 0 0 6.86549724127746
0.0129023 0 0 0 0 0 6.86549724127746
0.0274396 0 0 0 0 0 6.86549724127746
0.0456568 0 0 0 0 0 6.86549724127746
0.0807817 0 0 0 0 0 6.86549724127746
0.0942781 0 0 0 0 0 6.86549724127746
0.1196183 0 0 0 0 0 6.86549724127746
0.13261 0 0 0 0 0 6.86549724127746
0.14662 0 0 0 0 0 6.86549724127746
0.1612325 0 0 0 0 0 6.86549724127746
0.1753733 0 0 0 0 0 6.86549724127746
0.1891998 0 0 0 0 0 6.86549724127746
0.2037567 0 0 0 0 0 6.86549724127746
0.2173544 0 0 0 0 0 6.86549724127746
0.2508786 0 0 0 0 0 6.86549724127746
0.2663905 0 0 0 0 0 6.86549724127746
0.2804915 0 0 0 0 0 6.86549724127746
0.294986 0 0 0 0 0 6.86549724127746
0.3092671 0 0 0 0 0 6.86549724127746
0.3292916 0 0 0 0 0 6.86549724127746
0.3429876 0 0 0 0 0 6.86549724127746
0.3570331 0 0 0 0 0 6.86549724127746
0.369406 0 0 0 0 0 6.86549724127746
0.3849187 0 0 0 0 0 6.86549724127746
0.4013757 0 0 0 0 0 6.86549724127746
0.4206535 0 0 0 0 0 6.86549724127746
0.449672 0 0 0 0 0 6.86549724127746
0.4920948 0 0 0 0 0 6.86549724127746
0.5081071 0 0 0 0 0 6.86549724127746
0.548446 0 0 0 0 0 6.86549724127746
0.56516 0 0 0 0 0 6.86549724127746
0.5838386 0 0 0 0 0 6.86549724127746
0.6053569 0 0 0 0 0 6.86549724127746
0.6457219 0 0 0 0 0 6.86549724127746
0.6667402 0 0 0 0 0 6.86549724127746
0.7102677 0 0 0 0 0 6.86549724127746
0.7507422 0 0 0 0 0 6.86549724127746
0.7712628 0 0 0 0 0 6.86549724127746
0.7897712 0 0 0 0 0 6.86549724127746
0.8338008 0 0 0 0 0 6.86549724127746
0.8488153 0 0 0 0 0 6.86549724127746
0.8635612 0 0 0 0 0 6.86549724127746
0.8766492 0 0 0 0 0 6.86549724127746
0.8912728 0 0 0 0 0 6.86549724127746
0.9062817 0 0 0 0 0 6.86549724127746
0.9198901 0 0 0 0 0 6.86549724127746
0.9559059 0 0 0 0 0 6.86549724127746
0.9694796 0 0 0 0 0 6.86549724127746
0.9842465 0 0 0 0 0 6.86549724127746
0.9987919 0 0 0 0 0 6.86549724127746
1.0137893 0 0 0 0 0 6.86549724127746
1.0277766 0 0 0 0 0 6.86549724127746
1.0614342 0 0 0 0 0 6.86549724127746
1.1058055 0 0 0 0 0 6.86549724127746
1.1215094 0 0 0 0 0 6.86549724127746
1.1590343 0 0 0 0 0 6.86549724127746
1.1735446 0 0 0 0 0 6.86549724127746
1.1882311 0 0 0 0 0 6.86549724127746
1.204092 0 0 0 0 0 6.86549724127746
1.2525931 0 0 0 0 0 6.86549724127746
1.2684086 0 0 0 0 0 6.86549724127746
1.2981849 0 0 0 0 0 6.86549724127746
1.3227083 0 0 0 0 0 6.86549724127746
1.3552344 0 0 0 0 0 6.86549724127746
1.398761 0 0 0 0 0 6.86549724127746
1.4132752 0 0 0 0 0 6.86549724127746
1.4289436 0 0 0 0 0 6.86549724127746
1.4436617 0 0 0 0 0 6.86549724127746
1.4780378 0 0 0 0 0 6.86549724127746
1.4926016 0 0 0 0 0 6.86549724127746
1.5064298 0 0 0 0 0 6.86549724127746
1.520731 0 0 0 0 0 6.86549724127746
1.5525579 0 0 0 0 0 6.86549724127746
1.5690692 0 0 0 0 0 6.86549724127746
1.5843095 0 0 0 0 0 6.86549724127746
1.5992098 0 0 0 0 0 6.86549724127746
1.6302288 0 0 0 0 0 6.86549724127746
1.6774709 0 0 0 0 0 6.86549724127746
1.6995516 0 0 0 0 0 6.86549724127746
1.7141064 0 0 0 0 0 6.86549724127746
1.7286949 0 0 0 0 0 6.86549724127746
1.7542537 0 0 0 0 0 6.86549724127746
1.7692994 0 0 0 0 0 6.86549724127746
1.7968185 0 0 0 0 0 6.86549724127746
1.8119917 0 0 0 0 0 6.86549724127746
1.8405094 0 0 0 0 0 6.86549724127746
1.8558883 0 0 0 0 0 6.86549724127746
1.8718932 0 0 0 0 0 6.86549724127746
1.8864685 0 0 0 0 0 6.86549724127746
1.9010237 0 0 0 0 0 6.86549724127746
1.9330473 0 0 0 0 0 6.86549724127746
1.9580651 0 0 0 0 0 6.86549724127746
1.9730552 0 0 0 0 0 6.86549724127746
1.9890529 0 0 0 0 0 6.86549724127746
2.1656099 -0.00147158133571609 4.47431469117599E-06 -0.00608094271790978 -0.0759878198437678 -1.11977051450887 6.45933102066846
2.2782793 -5.44157673131387E-08 -8.94846393226016E-06 -0.0121618854358196 -0.364195213504212 -1.09181296214455 5.91959998168077
2.327309 -5.44157673131387E-08 -8.94846393226016E-06 -0.0121618854358196 -5.44157673131387E-08 -8.94846393226016E-06 6.03045090033137
2.3408152 -5.44157673131387E-08 -8.94846393226016E-06 -0.0121618854358196 -5.44157673131387E-08 -8.94846393226016E-06 6.03045090033137
2.363651 -5.44157673131387E-08 -8.94846393226016E-06 -0.0121618854358196 -5.44157673131387E-08 -8.94846393226016E-06 6.03045090033137
2.3768305 -5.44157673131387E-08 -8.94846393226016E-06 -0.0121618854358196 -5.44157673131387E-08 -8.94846393226016E-06 6.03045090033137
2.39045 -5.44157673131387E-08 -8.94846393226016E-06 -0.0121618854358196 -5.44157673131387E-08 -8.94846393226016E-06 6.03045090033137
2.4041041 -5.44157673131387E-08 -8.94846393226016E-06 -0.0121618854358196 -5.44157673131387E-08 -8.94846393226016E-06 6.03045090033137
2.4179443 -5.44157673131387E-08 -8.94846393226016E-06 -0.0121618854358196 -5.44157673131387E-08 -8.94846393226016E-06 6.03045090033137
2.4301564 -5.44157673131387E-08 -8.94846393226016E-06 -0.0121618854358196 -5.44157673131387E-08 -8.94846393226016E-06 6.03045090033137
2.4448792 -5.44157673131387E-08 -8.94846393226016E-06 -0.0121618854358196 -5.44157673131387E-08 -8.94846393226016E-06 6.03045090033137
2.4580561 -5.44157673131387E-08 -8.94846393226016E-06 -0.0121618854358196 -5.44157673131387E-08 -8.94846393226016E-06 6.03045090033137
2.4835742 -5.44157673131387E-08 -8.94846393226016E-06 -0.0121618854358196 -5.44157673131387E-08 -8.94846393226016E-06 6.03045090033137
2.6022765 0.00147136367465901 -3.1319210143799E-05 -0.0182428281537293 -0.696186719114366 -0.986567124085137 5.38463543663145
2.6208649 0.00147136367465901 -3.1319210143799E-05 -0.0182428281537293 0.00147136367465901 -3.1319210143799E-05 5.5185395242046
2.6333464 0.00147136367465901 -3.1319210143799E-05 -0.0182428281537293 0.00147136367465901 -3.1319210143799E-05 5.5185395242046
2.6457548 0.00147136367465901 -3.1319210143799E-05 -0.0182428281537293 0.00147136367465901 -3.1319210143799E-05 5.5185395242046
2.6577223 0.00147136367465901 -3.1319210143799E-05 -0.0182428281537293 0.00147136367465901 -3.1319210143799E-05 5.5185395242046
2.6701722 0.00147136367465901 -3.1319210143799E-05 -0.0182428281537293 0.00147136367465901 -3.1319210143799E-05 5.5185395242046
2.6826798 0.00147136367465901 -3.1319210143799E-05 -0.0182428281537293 0.00147136367465901 -3.1319210143799E-05 5.5185395242046
2.6983118 0.00147136367465901 -3.1319210143799E-05 -0.0182428281537293 0.00147136367465901 -3.1319210143799E-05 5.5185395242046
2.7108498 0.00147136367465901 -3.1319210143799E-05 -0.0182428281537293 0.00147136367465901 -3.1319210143799E-05 5.5185395242046
2.7224311 0.00147136367465901 -3.1319210143799E-05 -0.0182428281537293 0.00147136367465901 -3.1319210143799E-05 5.5185395242046
2.7344712 0.00147136367465901 -3.1319210143799E-05 -0.0182428281537293 0.00147136367465901 -3.1319210143799E-05 5.5185395242046
2.7471042 0.00147136367465901 -3.1319210143799E-05 -0.0182428281537293 0.00147136367465901 -3.1319210143799E-05 5.5185395242046
2.7680648 0.00147136367465901 -3.1319210143799E-05 -0.0182428281537293 0.00147136367465901 -3.1319210143799E-05 5.5185395242046
2.7806374 0.00147136367465901 -3.1319210143799E-05 -0.0182428281537293 0.00147136367465901 -3.1319210143799E-05 5.5185395242046
2.8017763 0.00147136367465901 -3.1319210143799E-05 -0.0182428281537293 0.00147136367465901 -3.1319210143799E-05 5.5185395242046
2.8141385 0.00147136367465901 -3.1319210143799E-05 -0.0182428281537293 0.00147136367465901 -3.1319210143799E-05 5.5185395242046
2.8277529 0.00147136367465901 -3.1319210143799E-05 -0.0182428281537293 0.00147136367465901 -3.1319210143799E-05 5.5185395242046
2.8426485 0.00147136367465901 -3.1319210143799E-05 -0.0182428281537293 0.00147136367465901 -3.1319210143799E-05 5.5185395242046
2.8583396 0.00147136367465901 -3.1319210143799E-05 -0.0182428281537293 0.00147136367465901 -3.1319210143799E-05 5.5185395242046
2.8721365 0.00147136367465901 -3.1319210143799E-05 -0.0182428281537293 0.00147136367465901 -3.1319210143799E-05 5.5185395242046
2.8866507 0.00147136367465901 -3.1319210143799E-05 -0.0182428281537293 0.00147136367465901 -3.1319210143799E-05 5.5185395242046
2.9017306 0.00147136367465901 -3.1319210143799E-05 -0.0182428281537293 0.00147136367465901 -3.1319210143799E-05 5.5185395242046
2.9160305 0.00147136367465901 -3.1319210143799E-05 -0.0182428281537293 0.00147136367465901 -3.1319210143799E-05 5.5185395242046
2.9302689 0.00147136367465901 -3.1319210143799E-05 -0.0182428281537293 0.00147136367465901 -3.1319210143799E-05 5.5185395242046
2.9434158 0.00147136367465901 -3.1319210143799E-05 -0.0182428281537293 0.00147136367465901 -3.1319210143799E-05 5.5185395242046
2.9809048 0.00147136367465901 -3.1319210143799E-05 -0.0182428281537293 0.00147136367465901 -3.1319210143799E-05 5.5185395242046
3.0164241 0.00147136367465901 -3.1319210143799E-05 -0.0182428281537293 0.00147136367465901 -3.1319210143799E-05 5.5185395242046
3.0524839 0.00147136367465901 -3.1319210143799E-05 -0.0182428281537293 0.00147136367465901 -3.1319210143799E-05 5.5185395242046
3.0670374 0.00147136367465901 -3.1319210143799E-05 -0.0182428281537293 0.00147136367465901 -3.1319210143799E-05 5.5185395242046
3.0822914 0.00147136367465901 -3.1319210143799E-05 -0.0182428281537293 0.00147136367465901 -3.1319210143799E-05 5.5185395242046
3.0963291 0.00147136367465901 -3.1319210143799E-05 -0.0182428281537293 0.00147136367465901 -3.1319210143799E-05 5.5185395242046
3.1100953 0.00147136367465901 -3.1319210143799E-05 -0.0182428281537293 0.00147136367465901 -3.1319210143799E-05 5.5185395242046
3.1234385 0.00147136367465901 -3.1319210143799E-05 -0.0182428281537293 0.00147136367465901 -3.1319210143799E-05 5.5185395242046
3.1388016 0.00147136367465901 -3.1319210143799E-05 -0.0182428281537293 0.00147136367465901 -3.1319210143799E-05 5.5185395242046
3.1530053 0.00147136367465901 -3.1319210143799E-05 -0.0182428281537293 0.00147136367465901 -3.1319210143799E-05 5.5185395242046
3.1985556 0.00147136367465901 -3.1319210143799E-05 -0.0182428281537293 0.00147136367465901 -3.1319210143799E-05 5.5185395242046
3.2125484 0.00147136367465901 -3.1319210143799E-05 -0.0182428281537293 0.00147136367465901 -3.1319210143799E-05 5.5185395242046
3.2275561 0.00147136367465901 -3.1319210143799E-05 -0.0182428281537293 0.00147136367465901 -3.1319210143799E-05 5.5185395242046
3.2406483 0.00147136367465901 -3.1319210143799E-05 -0.0182428281537293 0.00147136367465901 -3.1319210143799E-05 5.5185395242046
3.2681721 0.00147136367465901 -3.1319210143799E-05 -0.0182428281537293 0.00147136367465901 -3.1319210143799E-05 5.5185395242046
3.2821183 0.00147136367465901 -3.1319210143799E-05 -0.0182428281537293 0.00147136367465901 -3.1319210143799E-05 5.5185395242046
3.2961291 0.00147136367465901 -3.1319210143799E-05 -0.0182428281537293 0.00147136367465901 -3.1319210143799E-05 5.5185395242046
3.3104034 0.00147136367465901 -3.1319210143799E-05 -0.0182428281537293 0.00147136367465901 -3.1319210143799E-05 5.5185395242046
3.3243766 0.00147136367465901 -3.1319210143799E-05 -0.0182428281537293 0.00147136367465901 -3.1319210143799E-05 5.5185395242046
3.3397482 0.00147136367465901 -3.1319210143799E-05 -0.0182428281537293 0.00147136367465901 -3.1319210143799E-05 5.5185395242046
3.354589 0.00147136367465901 -3.1319210143799E-05 -0.0182428281537293 0.00147136367465901 -3.1319210143799E-05 5.5185395242046
3.3757763 0.00147136367465901 -3.1319210143799E-05 -0.0182428281537293 0.00147136367465901 -3.1319210143799E-05 5.5185395242046
3.415038 0.00147136367465901 -3.1319210143799E-05 -0.0182428281537293 0.00147136367465901 -3.1319210143799E-05 5.5185395242046
3.4377665 0.00147136367465901 -3.1319210143799E-05 -0.0182428281537293 0.00147136367465901 -3.1319210143799E-05 5.5185395242046
3.4524077 0.00147136367465901 -3.1319210143799E-05 -0.0182428281537293 0.00147136367465901 -3.1319210143799E-05 5.5185395242046
3.4661918 0.00147136367465901 -3.1319210143799E-05 -0.0182428281537293 0.00147136367465901 -3.1319210143799E-05 5.5185395242046
3.4812136 0.00147136367465901 -3.1319210143799E-05 -0.0182428281537293 0.00147136367465901 -3.1319210143799E-05 5.5185395242046
3.496326 0.00147136367465901 -3.1319210143799E-05 -0.0182428281537293 0.00147136367465901 -3.1319210143799E-05 5.5185395242046
3.5144175 0.00147136367465901 -3.1319210143799E-05 -0.0182428281537293 0.00147136367465901 -3.1319210143799E-05 5.5185395242046
3.5280289 0.00147136367465901 -3.1319210143799E-05 -0.0182428281537293 0.00147136367465901 -3.1319210143799E-05 5.5185395242046
3.5440407 0.00147136367465901 -3.1319210143799E-05 -0.0182428281537293 0.00147136367465901 -3.1319210143799E-05 5.5185395242046
3.5576658 0.00147136367465901 -3.1319210143799E-05 -0.0182428281537293 0.00147136367465901 -3.1319210143799E-05 5.5185395242046
3.5843604 0.00147136367465901 -3.1319210143799E-05 -0.0182428281537293 0.00147136367465901 -3.1319210143799E-05 5.5185395242046
3.5995977 0.00147136367465901 -3.1319210143799E-05 -0.0182428281537293 0.00147136367465901 -3.1319210143799E-05 5.5185395242046
3.6136474 0.00147136367465901 -3.1319210143799E-05 -0.0182428281537293 0.00147136367465901 -3.1319210143799E-05 5.5185395242046
3.6365697 0.00147136367465901 -3.1319210143799E-05 -0.0182428281537293 0.00147136367465901 -3.1319210143799E-05 5.5185395242046
3.6512891 0.00147136367465901 -3.1319210143799E-05 -0.0182428281537293 0.00147136367465901 -3.1319210143799E-05 5.5185395242046
3.8949823 0.00294261852583201 -6.26370967235709E-05 -0.0243237708716391 -1.04406450702642 -0.932002514616908 5.01751533080251
3.9099916 0.00294261852583201 -6.26370967235709E-05 -0.0243237708716391 0.00294261852583201 -6.26370967235709E-05 5.20962531772754
3.9236458 0.00294261852583201 -6.26370967235709E-05 -0.0243237708716391 0.00294261852583201 -6.26370967235709E-05 5.20962531772754
3.9363646 0.00294261852583201 -6.26370967235709E-05 -0.0243237708716391 0.00294261852583201 -6.26370967235709E-05 5.20962531772754
3.9498422 0.00294261852583201 -6.26370967235709E-05 -0.0243237708716391 0.00294261852583201 -6.26370967235709E-05 5.20962531772754
3.9631037 0.00294261852583201 -6.26370967235709E-05 -0.0243237708716391 0.00294261852583201 -6.26370967235709E-05 5.20962531772754
3.9917608 0.00294261852583201 -6.26370967235709E-05 -0.0243237708716391 0.00294261852583201 -6.26370967235709E-05 5.20962531772754
4.0060372 0.00294261852583201 -6.26370967235709E-05 -0.0243237708716391 0.00294261852583201 -6.26370967235709E-05 5.20962531772754
4.035618 0.00294261852583201 -6.26370967235709E-05 -0.0243237708716391 0.00294261852583201 -6.26370967235709E-05 5.20962531772754
4.0496284 0.00294261852583201 -6.26370967235709E-05 -0.0243237708716391 0.00294261852583201 -6.26370967235709E-05 5.20962531772754
4.47723 0.00147158131760698 -2.23732278405585E-05 -0.0304047135895489 -1.10327068813455 -0.894367314855002 4.8109906941564
4.653344 0.00735260188742924 -0.000272859577261235 -0.054728484461188 -1.16370822839725 -0.861342231352509 4.64586040828805
4.7687208 0.0336826691275857 -0.00316643397507597 -0.164185453383564 -0.964724433266688 -0.849937644240453 4.71604584347608
4.8901955 0.0394777306048581 -0.00419910470118035 -0.188509224255203 -0.819597833137688 -0.776628923908176 4.7609468442121
4.9859704 0.0438065596240731 -0.0050659288739405 -0.206752052408932 -0.55902764188246 -0.727029476900418 4.7628294561792
5.1328568 0.0509637736758953 -0.00677284955001061 -0.26148053687012 -0.632566026912724 -0.666586603578175 4.76324742019289
5.2446635 0.0580040259698104 -0.00891157319181702 -0.328370906767128 -0.211274930376651 -0.50559242240434 4.72901866147877
5.3415969 0.0635523656294217 -0.0108775521783534 -0.352694677638767 0.0174128577057897 -0.401578211184441 4.6750521174168
5.4724621 0.0676812984090006 -0.0124402610206519 -0.370937505792496 0.343165187168661 -0.419621771726739 4.64339812421149
5.5637363 0.0744974720475201 -0.0152113741737999 -0.401342219382045 1.01387632899968 -0.23916516999524 4.40881683636439
5.6697163 0.0758503699113085 -0.0157903724616012 -0.407423162099955 1.36667657510045 -0.21339897358742 4.2511114279482
5.6821768 0.0758503699113085 -0.0157903724616012 -0.407423162099955 0.0758503699113085 -0.0157903724616012 4.44715974798226
5.6941627 0.0758503699113085 -0.0157903724616012 -0.407423162099955 0.0758503699113085 -0.0157903724616012 4.44715974798226
5.707739 0.0758503699113085 -0.0157903724616012 -0.407423162099955 0.0758503699113085 -0.0157903724616012 4.44715974798226
5.7201765 0.0758503699113085 -0.0157903724616012 -0.407423162099955 0.0758503699113085 -0.0157903724616012 4.44715974798226
5.7318608 0.0758503699113085 -0.0157903724616012 -0.407423162099955 0.0758503699113085 -0.0157903724616012 4.44715974798226
5.7438784 0.0758503699113085 -0.0157903724616012 -0.407423162099955 0.0758503699113085 -0.0157903724616012 4.44715974798226
5.7584096 0.0758503699113085 -0.0157903724616012 -0.407423162099955 0.0758503699113085 -0.0157903724616012 4.44715974798226
5.7713436 0.0758503699113085 -0.0157903724616012 -0.407423162099955 0.0758503699113085 -0.0157903724616012 4.44715974798226
5.7882402 0.0758503699113085 -0.0157903724616012 -0.407423162099955 0.0758503699113085 -0.0157903724616012 4.44715974798226
5.8286835 0.0758503699113085 -0.0157903724616012 -0.407423162099955 0.0758503699113085 -0.0157903724616012 4.44715974798226
5.8672134 0.0758503699113085 -0.0157903724616012 -0.407423162099955 0.0758503699113085 -0.0157903724616012 4.44715974798226
5.8812952 0.0758503699113085 -0.0157903724616012 -0.407423162099955 0.0758503699113085 -0.0157903724616012 4.44715974798226
5.8983988 0.0758503699113085 -0.0157903724616012 -0.407423162099955 0.0758503699113085 -0.0157903724616012 4.44715974798226
5.9205106 0.0758503699113085 -0.0157903724616012 -0.407423162099955 0.0758503699113085 -0.0157903724616012 4.44715974798226
5.935511 0.0758503699113085 -0.0157903724616012 -0.407423162099955 0.0758503699113085 -0.0157903724616012 4.44715974798226
5.9518325 0.0758503699113085 -0.0157903724616012 -0.407423162099955 0.0758503699113085 -0.0157903724616012 4.44715974798226
5.965957 0.0758503699113085 -0.0157903724616012 -0.407423162099955 0.0758503699113085 -0.0157903724616012 4.44715974798226
5.9949101 0.0758503699113085 -0.0157903724616012 -0.407423162099955 0.0758503699113085 -0.0157903724616012 4.44715974798226
6.0348222 0.0758503699113085 -0.0157903724616012 -0.407423162099955 0.0758503699113085 -0.0157903724616012 4.44715974798226
6.0658464 0.0758503699113085 -0.0157903724616012 -0.407423162099955 0.0758503699113085 -0.0157903724616012 4.44715974798226
6.0833361 0.0758503699113085 -0.0157903724616012 -0.407423162099955 0.0758503699113085 -0.0157903724616012 4.44715974798226
6.0973478 0.0758503699113085 -0.0157903724616012 -0.407423162099955 0.0758503699113085 -0.0157903724616012 4.44715974798226
6.1178611 0.0758503699113085 -0.0157903724616012 -0.407423162099955 0.0758503699113085 -0.0157903724616012 4.44715974798226
6.133872 0.0758503699113085 -0.0157903724616012 -0.407423162099955 0.0758503699113085 -0.0157903724616012 4.44715974798226
6.1464472 0.0758503699113085 -0.0157903724616012 -0.407423162099955 0.0758503699113085 -0.0157903724616012 4.44715974798226
6.1593247 0.0758503699113085 -0.0157903724616012 -0.407423162099955 0.0758503699113085 -0.0157903724616012 4.44715974798226
6.1708735 0.0758503699113085 -0.0157903724616012 -0.407423162099955 0.0758503699113085 -0.0157903724616012 4.44715974798226
6.1834649 0.0758503699113085 -0.0157903724616012 -0.407423162099955 0.0758503699113085 -0.0157903724616012 4.44715974798226
6.2252219 0.0758503699113085 -0.0157903724616012 -0.407423162099955 0.0758503699113085 -0.0157903724616012 4.44715974798226
6.2533817 0.0758503699113085 -0.0157903724616012 -0.407423162099955 0.0758503699113085 -0.0157903724616012 4.44715974798226
6.2679912 0.0758503699113085 -0.0157903724616012 -0.407423162099955 0.0758503699113085 -0.0157903724616012 4.44715974798226
6.2815782 0.0758503699113085 -0.0157903724616012 -0.407423162099955 0.0758503699113085 -0.0157903724616012 4.44715974798226
6.2952405 0.0758503699113085 -0.0157903724616012 -0.407423162099955 0.0758503699113085 -0.0157903724616012 4.44715974798226
6.3138297 0.0758503699113085 -0.0157903724616012 -0.407423162099955 0.0758503699113085 -0.0157903724616012 4.44715974798226
6.3335656 0.0758503699113085 -0.0157903724616012 -0.407423162099955 0.0758503699113085 -0.0157903724616012 4.44715974798226
6.3471906 0.0758503699113085 -0.0157903724616012 -0.407423162099955 0.0758503699113085 -0.0157903724616012 4.44715974798226
6.361201 0.0758503699113085 -0.0157903724616012 -0.407423162099955 0.0758503699113085 -0.0157903724616012 4.44715974798226
6.3757028 0.0758503699113085 -0.0157903724616012 -0.407423162099955 0.0758503699113085 -0.0157903724616012 4.44715974798226
6.3901104 0.0758503699113085 -0.0157903724616012 -0.407423162099955 0.0758503699113085 -0.0157903724616012 4.44715974798226
6.4039882 0.0758503699113085 -0.0157903724616012 -0.407423162099955 0.0758503699113085 -0.0157903724616012 4.44715974798226
6.4440149 0.0758503699113085 -0.0157903724616012 -0.407423162099955 0.0758503699113085 -0.0157903724616012 4.44715974798226
6.46244 0.0758503699113085 -0.0157903724616012 -0.407423162099955 0.0758503699113085 -0.0157903724616012 4.44715974798226
6.5044699 0.0758503699113085 -0.0157903724616012 -0.407423162099955 0.0758503699113085 -0.0157903724616012 4.44715974798226
6.5414068 0.0758503699113085 -0.0157903724616012 -0.407423162099955 0.0758503699113085 -0.0157903724616012 4.44715974798226
6.5603296 0.0758503699113085 -0.0157903724616012 -0.407423162099955 0.0758503699113085 -0.0157903724616012 4.44715974798226
6.8410243 0.0785454906585015 -0.0169730012057678 -0.419585047535775 1.79458889617373 -0.0171299640831975 4.03021099877209
6.9501236 0.0904887951712758 -0.0226974034218824 -0.474313531996963 2.03838266256239 0.0365315064463698 3.90354569337725
7.1649441 0.0995205771803864 -0.0276511822268739 -0.529042016458151 2.27537231245944 0.164915405430749 3.78951346591582
7.2879071 0.128507505628587 -0.0478285767038608 -0.687146527123805 2.22477453575627 0.251031505265306 3.8609555596691
7.3782683 0.15802316455835 -0.076579821012307 -0.857412923225279 2.47254966852773 0.347154956007745 3.69633424086026
7.463389 0.171586541859655 -0.0939949987829878 -0.960788949429745 2.36364805352473 0.300500454714681 3.86658034505881
7.4756421 0.171586541859655 -0.0939949987829878 -0.960788949429745 0.171586541859655 -0.0939949987829878 4.46219720525089
7.4881493 0.171586541859655 -0.0939949987829878 -0.960788949429745 0.171586541859655 -0.0939949987829878 4.46219720525089
7.5031599 0.171586541859655 -0.0939949987829878 -0.960788949429745 0.171586541859655 -0.0939949987829878 4.46219720525089
7.6067908 0.183394032933144 -0.112645381490896 -1.05200309019839 2.36454277210407 0.303647240183255 3.93134973523392
7.7045513 0.194523236993656 -0.135050537660786 -1.16754100183868 2.15350274104017 0.200887200473559 4.03102157258441
7.8006298 0.20313833259906 -0.158537349571461 -1.27091702804314 2.17371845167275 0.181037903609416 4.01063059529377
7.9653382 0.208991656494667 -0.181343597422341 -1.3682121115297 2.11781180160429 0.160131298991418 3.98605501712071
8.1009713 0.212601860900186 -0.204610586179228 -1.46550719501626 2.3110400684879 0.160042153966481 3.87876966271025
8.2085075 0.213893238065793 -0.22517230760161 -1.55064039306699 2.19771155792485 0.0982115140025071 3.86014917337881
8.3132764 0.211217768053431 -0.266289822501649 -1.72090678916847 2.21886138297452 0.1252796922561 3.8822026488988
8.4766689 0.207941744768501 -0.283642343604413 -1.79387810178338 2.23108495346319 0.226426883593613 3.83737093756801
8.7970503 0.200677236003535 -0.309115312141091 -1.90333507070576 2.14656905538218 0.342690644234217 3.92094386357404
8.9494671 0.190039144727248 -0.334972658845803 -2.01887298234605 1.82163630223756 0.40351385265789 4.18333093211783
9.0978836 0.186069372729071 -0.342859450942644 -2.0553586386535 1.60144548236942 0.475451771846546 4.30062310661565
9.2264553 0.182543307730728 -0.349317481354888 -2.08576335224305 1.21889438475144 0.456810342947134 4.468495095968
9.325036 0.181814650834636 -0.35059600815355 -2.09184429496096 0.83057071540986 0.399614747840969 4.68957748350752
9.4233935 0.181078232810279 -0.351870080420151 -2.09792523767887 0.250489194587207 0.300775862597902 4.8574616131813
9.513785 0.180334080888739 -0.353139651042365 -2.10400618039678 -0.328117449101664 0.167247924871429 4.83303748729713
9.5276406 0.180334080888739 -0.353139651042365 -2.10400618039678 0.180334080888739 -0.353139651042365 4.8874919479355
9.6195302 0.179582222587081 -0.354404673074326 -2.11008712311469 -0.845991320215215 0.0130241004053852 4.94050759823912
9.6325459 0.179582222587081 -0.354404673074326 -2.11008712311469 0.179582222587081 -0.354404673074326 5.05919166700921
9.6525644 0.179582222587081 -0.354404673074326 -2.11008712311469 0.179582222587081 -0.354404673074326 5.05919166700921
9.6686916 0.179582222587081 -0.354404673074326 -2.11008712311469 0.179582222587081 -0.354404673074326 5.05919166700921
9.7679784 0.178822685707332 -0.355665099738366 -2.1161680658326 -1.41005731434561 -0.137699168099116 4.92275838024085
9.9856368 0.177280681712827 -0.358171992290792 -2.12832995126842 -1.92313399978169 -0.28036851715654 4.88918332963654
10.1182772 0.175708303968517 -0.360659946232825 -2.14049183670424 -2.37740705733862 -0.423959911216674 4.79944577362699
10.3696112 0.176498271477251 -0.359418365392821 -2.13441089398633 -3.08909964494293 -0.654958498627383 4.5367511840936
10.5310327 0.174941051816603 -0.361915834815451 -2.12224900855051 -3.41657641616872 -0.737101292534495 4.31683005701665
10.6918012 0.173399047822098 -0.364422727367877 -2.12224900855051 -3.6146519314468 -0.818309372759986 4.28027624128322
10.7987327 0.166494361475235 -0.375724789563254 -2.1161680658326 -4.01985178953914 -0.978032473132354 4.09297634860792
10.9266445 0.160387436241136 -0.385789681495152 -2.1161680658326 -4.34913350209205 -1.10281613303624 3.84656915348854
11.0277415 0.150414000406779 -0.40211488244403 -2.12224900855051 -5.0118436251403 -1.33939044180856 3.18707362189369
11.1297982 0.13583744034118 -0.425974791523158 -2.1161680658326 -5.22094879955175 -1.43412722844472 2.89998091121137
11.2544713 0.119043395947408 -0.45365324433588 -2.1161680658326 -5.21082663093465 -1.45405805228795 2.90820955226498
11.3554375 0.0764288737149551 -0.522463539549877 -2.13441089398633 -5.34511502333824 -1.54502524899523 2.57845953061332
11.4461609 0.0526167084402598 -0.559638736487332 -2.14657277942215 -5.39034463334469 -1.5875433572603 2.4397789856503
11.4582315 0.0526167084402598 -0.559638736487332 -2.14657277942215 0.0526167084402598 -0.559638736487332 6.05268019776303
11.471502 0.0526167084402598 -0.559638736487332 -2.14657277942215 0.0526167084402598 -0.559638736487332 6.05268019776303
11.6532837 0.0278941204448954 -0.597978115664539 -2.14049183670424 -5.43820050239295 -1.63293946683693 2.28098924905672
11.7808662 -0.0239435640615139 -0.678367136519974 -2.14657277942215 -5.53835890549411 -1.72552696203132 1.86947546942397
11.8902464 -0.050508850452872 -0.719019234653511 -2.15265372214006 -5.65710156476277 -1.80416517474404 1.41299843095054
11.9037419 -0.050508850452872 -0.719019234653511 -2.15265372214006 -0.050508850452872 -0.719019234653511 5.88285544113711
12.0145492 -0.0756958777364104 -0.757055112578183 -2.15873466485797 -5.62282317845707 -1.82100193051967 1.38469627907922
12.1147281 -0.101113731909573 -0.794937127336034 -2.16481560757588 -5.59512405820903 -1.84083939062767 1.33504131651261
12.2113843 -0.12510678009873 -0.830229894212841 -2.17089655029379 -5.53883196502403 -1.84964661399676 1.38588450547426
12.3406411 -0.135278018678639 -0.846432595040599 -2.09184429496096 -5.55779578590667 -1.86717731561339 1.24680466711694
12.4493311 -0.192433634853985 -0.933896200115785 -2.20738220660125 -5.49350339430485 -1.9121446391007 1.12774161061358
12.4622685 -0.192433634853985 -0.933896200115785 -2.20738220660125 -0.192433634853985 -0.933896200115785 5.50727807026758
12.4746709 -0.192433634853985 -0.933896200115785 -2.20738220660125 -0.192433634853985 -0.933896200115785 5.50727807026758
12.4868821 -0.192433634853985 -0.933896200115785 -2.20738220660125 -0.192433634853985 -0.933896200115785 5.50727807026758
12.5027148 -0.192433634853985 -0.933896200115785 -2.20738220660125 -0.192433634853985 -0.933896200115785 5.50727807026758
12.5487753 -0.192433634853985 -0.933896200115785 -2.20738220660125 -0.192433634853985 -0.933896200115785 5.50727807026758
12.7755316 -0.243171497824768 -1.00253039190144 -2.20738220660125 -5.49857874542292 -1.96615342715412 0.675343473328641
12.9652377 -0.302657268204307 -1.08299806502944 -2.20738220660125 -5.44606308894669 -2.01432179479179 0.30421877181866
13.0943508 -0.359284538047978 -1.16008822340996 -2.20130126388334 -5.35899795071272 -2.03670713865401 0.136718477461286
13.4364267 -0.38106425721862 -1.18973828432554 -2.20738220660125 -5.32366552888704 -2.04774385444634 0.141306290312409
13.5604019 -0.408516245479127 -1.22617319469221 -2.22562503475498 -5.28321762648717 -2.06144143450634 0.149697924608383
13.6641431 -0.410308708676478 -1.22850758160843 -2.22562503475498 -5.27933737789331 -2.06519801844196 0.150776716115655
13.6784721 -0.410308708676478 -1.22850758160843 -2.22562503475498 -0.410308708676478 -1.22850758160843 4.94269407174535
13.6905657 -0.410308708676478 -1.22850758160843 -2.22562503475498 -0.410308708676478 -1.22850758160843 4.94269407174535
13.7030763 -0.410308708676478 -1.22850758160843 -2.22562503475498 -0.410308708676478 -1.22850758160843 4.94269407174535
13.7161309 -0.410308708676478 -1.22850758160843 -2.22562503475498 -0.410308708676478 -1.22850758160843 4.94269407174535
13.7406034 -0.410308708676478 -1.22850758160843 -2.22562503475498 -0.410308708676478 -1.22850758160843 4.94269407174535
13.7536152 -0.410308708676478 -1.22850758160843 -2.22562503475498 -0.410308708676478 -1.22850758160843 4.94269407174535
13.7671992 -0.410308708676478 -1.22850758160843 -2.22562503475498 -0.410308708676478 -1.22850758160843 4.94269407174535
13.7798633 -0.410308708676478 -1.22850758160843 -2.22562503475498 -0.410308708676478 -1.22850758160843 4.94269407174535
13.8118647 -0.410308708676478 -1.22850758160843 -2.22562503475498 -0.410308708676478 -1.22850758160843 4.94269407174535
13.8261539 -0.410308708676478 -1.22850758160843 -2.22562503475498 -0.410308708676478 -1.22850758160843 4.94269407174535
13.8399876 -0.410308708676478 -1.22850758160843 -2.22562503475498 -0.410308708676478 -1.22850758160843 4.94269407174535
13.8545959 -0.410308708676478 -1.22850758160843 -2.22562503475498 -0.410308708676478 -1.22850758160843 4.94269407174535
13.8693705 -0.410308708676478 -1.22850758160843 -2.22562503475498 -0.410308708676478 -1.22850758160843 4.94269407174535
13.8845223 -0.410308708676478 -1.22850758160843 -2.22562503475498 -0.410308708676478 -1.22850758160843 4.94269407174535
13.897691 -0.410308708676478 -1.22850758160843 -2.22562503475498 -0.410308708676478 -1.22850758160843 4.94269407174535
13.9126987 -0.410308708676478 -1.22850758160843 -2.22562503475498 -0.410308708676478 -1.22850758160843 4.94269407174535
13.9462221 -0.410308708676478 -1.22850758160843 -2.22562503475498 -0.410308708676478 -1.22850758160843 4.94269407174535
13.9597731 -0.410308708676478 -1.22850758160843 -2.22562503475498 -0.410308708676478 -1.22850758160843 4.94269407174535
13.9733717 -0.410308708676478 -1.22850758160843 -2.22562503475498 -0.410308708676478 -1.22850758160843 4.94269407174535
13.9872679 -0.410308708676478 -1.22850758160843 -2.22562503475498 -0.410308708676478 -1.22850758160843 4.94269407174535
14.0013411 -0.410308708676478 -1.22850758160843 -2.22562503475498 -0.410308708676478 -1.22850758160843 4.94269407174535
14.0134651 -0.410308708676478 -1.22850758160843 -2.22562503475498 -0.410308708676478 -1.22850758160843 4.94269407174535
14.0309049 -0.410308708676478 -1.22850758160843 -2.22562503475498 -0.410308708676478 -1.22850758160843 4.94269407174535
14.0728684 -0.410308708676478 -1.22850758160843 -2.22562503475498 -0.410308708676478 -1.22850758160843 4.94269407174535
14.1143701 -0.410308708676478 -1.22850758160843 -2.22562503475498 -0.410308708676478 -1.22850758160843 4.94269407174535
14.1779828 -0.410308708676478 -1.22850758160843 -2.22562503475498 -0.410308708676478 -1.22850758160843 4.94269407174535
14.2230426 -0.410308708676478 -1.22850758160843 -2.22562503475498 -0.410308708676478 -1.22850758160843 4.94269407174535
14.2415284 -0.410308708676478 -1.22850758160843 -2.22562503475498 -0.410308708676478 -1.22850758160843 4.94269407174535
14.2955236 -0.410308708676478 -1.22850758160843 -2.22562503475498 -0.410308708676478 -1.22850758160843 4.94269407174535
14.3120939 -0.410308708676478 -1.22850758160843 -2.22562503475498 -0.410308708676478 -1.22850758160843 4.94269407174535
14.3276058 -0.410308708676478 -1.22850758160843 -2.22562503475498 -0.410308708676478 -1.22850758160843 4.94269407174535
14.3480459 -0.410308708676478 -1.22850758160843 -2.22562503475498 -0.410308708676478 -1.22850758160843 4.94269407174535
14.3622552 -0.410308708676478 -1.22850758160843 -2.22562503475498 -0.410308708676478 -1.22850758160843 4.94269407174535
14.3769494 -0.410308708676478 -1.22850758160843 -2.22562503475498 -0.410308708676478 -1.22850758160843 4.94269407174535
14.3936878 -0.410308708676478 -1.22850758160843 -2.22562503475498 -0.410308708676478 -1.22850758160843 4.94269407174535
14.4107251 -0.410308708676478 -1.22850758160843 -2.22562503475498 -0.410308708676478 -1.22850758160843 4.94269407174535
14.4277196 -0.410308708676478 -1.22850758160843 -2.22562503475498 -0.410308708676478 -1.22850758160843 4.94269407174535
14.4456443 -0.410308708676478 -1.22850758160843 -2.22562503475498 -0.410308708676478 -1.22850758160843 4.94269407174535
14.4741637 -0.410308708676478 -1.22850758160843 -2.22562503475498 -0.410308708676478 -1.22850758160843 4.94269407174535
14.5041855 -0.410308708676478 -1.22850758160843 -2.22562503475498 -0.410308708676478 -1.22850758160843 4.94269407174535
14.533573 -0.410308708676478 -1.22850758160843 -2.22562503475498 -0.410308708676478 -1.22850758160843 4.94269407174535
14.5799281 -0.410308708676478 -1.22850758160843 -2.22562503475498 -0.410308708676478 -1.22850758160843 4.94269407174535
14.5964442 -0.410308708676478 -1.22850758160843 -2.22562503475498 -0.410308708676478 -1.22850758160843 4.94269407174535
14.612447 -0.410308708676478 -1.22850758160843 -2.22562503475498 -0.410308708676478 -1.22850758160843 4.94269407174535
14.6625253 -0.410308708676478 -1.22850758160843 -2.22562503475498 -0.410308708676478 -1.22850758160843 4.94269407174535
14.6899832 -0.410308708676478 -1.22850758160843 -2.22562503475498 -0.410308708676478 -1.22850758160843 4.94269407174535
14.7058436 -0.410308708676478 -1.22850758160843 -2.22562503475498 -0.410308708676478 -1.22850758160843 4.94269407174535
14.72085 -0.410308708676478 -1.22850758160843 -2.22562503475498 -0.410308708676478 -1.22850758160843 4.94269407174535
14.7613801 -0.410308708676478 -1.22850758160843 -2.22562503475498 -0.410308708676478 -1.22850758160843 4.94269407174535
14.7989328 -0.410308708676478 -1.22850758160843 -2.22562503475498 -0.410308708676478 -1.22850758160843 4.94269407174535
14.8504425 -0.410308708676478 -1.22850758160843 -2.22562503475498 -0.410308708676478 -1.22850758160843 4.94269407174535
14.8839663 -0.410308708676478 -1.22850758160843 -2.22562503475498 -0.410308708676478 -1.22850758160843 4.94269407174535
14.9133654 -0.410308708676478 -1.22850758160843 -2.22562503475498 -0.410308708676478 -1.22850758160843 4.94269407174535
14.9278727 -0.410308708676478 -1.22850758160843 -2.22562503475498 -0.410308708676478 -1.22850758160843 4.94269407174535
14.9544677 -0.410308708676478 -1.22850758160843 -2.22562503475498 -0.410308708676478 -1.22850758160843 4.94269407174535
14.968981 -0.410308708676478 -1.22850758160843 -2.22562503475498 -0.410308708676478 -1.22850758160843 4.94269407174535
14.983706 -0.410308708676478 -1.22850758160843 -2.22562503475498 -0.410308708676478 -1.22850758160843 4.94269407174535
15.0010093 -0.410308708676478 -1.22850758160843 -2.22562503475498 -0.410308708676478 -1.22850758160843 4.94269407174535
15.0447194 -0.410308708676478 -1.22850758160843 -2.22562503475498 -0.410308708676478 -1.22850758160843 4.94269407174535
15.0628793 -0.410308708676478 -1.22850758160843 -2.22562503475498 -0.410308708676478 -1.22850758160843 4.94269407174535
15.080647 -0.410308708676478 -1.22850758160843 -2.22562503475498 -0.410308708676478 -1.22850758160843 4.94269407174535
15.0951432 -0.410308708676478 -1.22850758160843 -2.22562503475498 -0.410308708676478 -1.22850758160843 4.94269407174535
15.1091459 -0.410308708676478 -1.22850758160843 -2.22562503475498 -0.410308708676478 -1.22850758160843 4.94269407174535
15.1240479 -0.410308708676478 -1.22850758160843 -2.22562503475498 -0.410308708676478 -1.22850758160843 4.94269407174535
15.1384359 -0.410308708676478 -1.22850758160843 -2.22562503475498 -0.410308708676478 -1.22850758160843 4.94269407174535
15.1838387 -0.410308708676478 -1.22850758160843 -2.22562503475498 -0.410308708676478 -1.22850758160843 4.94269407174535
15.1998847 -0.410308708676478 -1.22850758160843 -2.22562503475498 -0.410308708676478 -1.22850758160843 4.94269407174535
15.236382 -0.410308708676478 -1.22850758160843 -2.22562503475498 -0.410308708676478 -1.22850758160843 4.94269407174535
15.2503787 -0.410308708676478 -1.22850758160843 -2.22562503475498 -0.410308708676478 -1.22850758160843 4.94269407174535
15.263893 -0.410308708676478 -1.22850758160843 -2.22562503475498 -0.410308708676478 -1.22850758160843 4.94269407174535
15.2766764 -0.410308708676478 -1.22850758160843 -2.22562503475498 -0.410308708676478 -1.22850758160843 4.94269407174535
15.2973835 -0.410308708676478 -1.22850758160843 -2.22562503475498 -0.410308708676478 -1.22850758160843 4.94269407174535
15.3115923 -0.410308708676478 -1.22850758160843 -2.22562503475498 -0.410308708676478 -1.22850758160843 4.94269407174535
15.3271071 -0.410308708676478 -1.22850758160843 -2.22562503475498 -0.410308708676478 -1.22850758160843 4.94269407174535
15.3414853 -0.410308708676478 -1.22850758160843 -2.22562503475498 -0.410308708676478 -1.22850758160843 4.94269407174535
15.3789538 -0.410308708676478 -1.22850758160843 -2.22562503475498 -0.410308708676478 -1.22850758160843 4.94269407174535
15.6060634 -0.409416030033202 -1.22733766858305 -2.21954409203707 -5.27823574801583 -2.06026162970522 0.148455251728477
15.6192274 -0.409416030033202 -1.22733766858305 -2.21954409203707 -0.409416030033202 -1.22733766858305 4.94178173668098
15.6323581 -0.409416030033202 -1.22733766858305 -2.21954409203707 -0.409416030033202 -1.22733766858305 4.94178173668098
15.6453845 -0.409416030033202 -1.22733766858305 -2.21954409203707 -0.409416030033202 -1.22733766858305 4.94178173668098
15.6575461 -0.409416030033202 -1.22733766858305 -2.21954409203707 -0.409416030033202 -1.22733766858305 4.94178173668098
15.6695974 -0.409416030033202 -1.22733766858305 -2.21954409203707 -0.409416030033202 -1.22733766858305 4.94178173668098
15.6876102 -0.409416030033202 -1.22733766858305 -2.21954409203707 -0.409416030033202 -1.22733766858305 4.94178173668098
15.7012566 -0.409416030033202 -1.22733766858305 -2.21954409203707 -0.409416030033202 -1.22733766858305 4.94178173668098
15.7182499 -0.409416030033202 -1.22733766858305 -2.21954409203707 -0.409416030033202 -1.22733766858305 4.94178173668098
15.7311283 -0.409416030033202 -1.22733766858305 -2.21954409203707 -0.409416030033202 -1.22733766858305 4.94178173668098
15.7441375 -0.409416030033202 -1.22733766858305 -2.21954409203707 -0.409416030033202 -1.22733766858305 4.94178173668098
15.7683714 -0.409416030033202 -1.22733766858305 -2.21954409203707 -0.409416030033202 -1.22733766858305 4.94178173668098
15.7964713 -0.409416030033202 -1.22733766858305 -2.21954409203707 -0.409416030033202 -1.22733766858305 4.94178173668098
15.8136912 -0.409416030033202 -1.22733766858305 -2.21954409203707 -0.409416030033202 -1.22733766858305 4.94178173668098
15.8300237 -0.409416030033202 -1.22733766858305 -2.21954409203707 -0.409416030033202 -1.22733766858305 4.94178173668098
15.8458127 -0.409416030033202 -1.22733766858305 -2.21954409203707 -0.409416030033202 -1.22733766858305 4.94178173668098
15.8618378 -0.409416030033202 -1.22733766858305 -2.21954409203707 -0.409416030033202 -1.22733766858305 4.94178173668098
15.8920135 -0.409416030033202 -1.22733766858305 -2.21954409203707 -0.409416030033202 -1.22733766858305 4.94178173668098
15.9321612 -0.409416030033202 -1.22733766858305 -2.21954409203707 -0.409416030033202 -1.22733766858305 4.94178173668098
15.9510028 -0.409416030033202 -1.22733766858305 -2.21954409203707 -0.409416030033202 -1.22733766858305 4.94178173668098
15.9700163 -0.409416030033202 -1.22733766858305 -2.21954409203707 -0.409416030033202 -1.22733766858305 4.94178173668098
15.9840267 -0.409416030033202 -1.22733766858305 -2.21954409203707 -0.409416030033202 -1.22733766858305 4.94178173668098
15.9995373 -0.409416030033202 -1.22733766858305 -2.21954409203707 -0.409416030033202 -1.22733766858305 4.94178173668098
16.027703 -0.409416030033202 -1.22733766858305 -2.21954409203707 -0.409416030033202 -1.22733766858305 4.94178173668098
