0.0055039 0 0 0 0
0.0298759 0 0 0 0
0.0482399 0 0 0 0
0.0682263 0 0 0 0
0.0804004 0 0 0 0
0.0925877 0 0 0 0
0.1057325 0 0 0 0
0.1298288 0 0 0 0
0.1492618 0 0 0 0
0.1602406 0 0 0 0
0.1781508 0 0 0 0
0.1903505 0 0 0 0
0.2210386 0 0 0 0
0.2332802 0 0 0 0
0.2446606 0 0 0 0
0.25732 0 0 0 0
0.2783132 0 0 0 0
0.2909739 0 0 0 0
0.319998 0 0 0 0
0.3386622 0 0 0 0
0.3532991 0 0 0 0
0.3688054 0 0 0 0
0.385203 0 0 0 0
0.4131173 0 0 0 0
0.4313936 0 0 0 0
0.4460061 0 0 0 0
0.4616489 0 0 0 0
0.4781872 0 0 0 0
0.4911695 0 0 0 0
0.5050315 0 0 0 0
0.5178214 0 0 0 0
0.5308367 0 0 0 0
0.5500251 0 0 0 0
0.5655114 0 0 0 0
0.5787003 0 0 0 0
0.5917129 0 0 0 0
0.6047988 0 0 0 0
0.6408176 0 0 0 0
0.6543362 0 0 0 0
0.6675015 0 0 0 0
0.6805993 0 0 0 0
0.6951127 0 0 0 0
0.7240281 0 0 0 0
0.7374125 0 0 0 0
0.7504756 0 0 0 0
0.7634964 0 0 0 0
0.7771763 0 0 0 0
0.792181 0 0 0 0
0.8157935 0 0 0 0
0.8348691 0 0 0 0
0.8508078 0 0 0 0
0.8733289 0 0 0 0
0.9037711 0 0 0 0
0.917504 0 0 0 0
0.9320169 0 0 0 0
0.9453777 0 0 0 0
0.9740533 0 0 0 0
0.9875424 0 0 0 0
1.0015523 0 0 0 0
1.0155623 0 0 0 0
1.0282085 0 0 0 0
1.0404583 0 0 0 0
1.0520336 0 0 0 0
1.0642119 0 0 0 0
1.0896044 0 0 0 0
1.1014427 0 0 0 0
1.1134273 0 0 0 0
1.138455 0 0 0 0
1.1507663 0 0 0 0
1.1684422 0 0 0 0
1.1815045 0 0 0 0
1.1941002 0 0 0 0
1.2059689 0 0 0 0
1.2184945 0 0 0 0
1.2376556 0 0 0 0
1.2487276 0 0 0 0
1.2605039 0 0 0 0
1.2780185 0 0 0 0
1.2896593 0 0 0 0
1.3021708 0 0 0 0
1.3283664 0 0 0 0
1.3479282 0 0 0 0
1.3606928 0 0 0 0
1.3788036 0 0 0 0
1.3997407 0 0 0 0
1.4104791 0 0 0 0
1.427398 0 0 0 0
1.4389439 0 0 0 0
1.4512171 0 0 0 0
1.4628455 0 0 0 0
1.476524 0 0 0 0
1.5016334 0 0 0 0
1.5136766 0 0 0 0
1.5382325 0 0 0 0
1.5499383 0 0 0 0
1.5620474 0 0 0 0
1.5886103 0 0 0 0
1.6011308 0 0 0 0
1.6326708 0 0 0 0
1.6580884 0 0 0 0
1.6694876 0 0 0 0
1.6801447 0 0 0 0
1.6983308 0 0 0 0
1.710436 0 0 0 0
1.7300119 0 0 0 0
1.7427885 0 0 0 0
1.7545234 0 0 0 0
1.7660996 0 0 0 0
1.7877398 0 0 0 0
1.7994498 0 0 0 0
1.8104585 0 0 0 0
1.8300887 0 0 0 0
1.8501885 0 0 0 0
1.8682497 0 0 0 0
1.8879979 0 0 0 0
1.900488 0 0 0 0
1.9106992 0 0 0 0
1.9299171 0 0 0 0
1.9404396 0 0 0 0
1.9583831 0 0 0 0
1.9780382 0 0 0 0
1.9903251 0 0 0 0
2.0022883 0 0 0 0
2.0139402 0 0 0 0
2.0404309 0 0 0 0
2.0530596 0 0 0 0
2.0781231 0 0 0 0
2.0902643 0 0 0 0
2.1023802 0 0 0 0
2.1139114 0 0 0 0
2.1268638 0 0 0 0
2.1494312 0 0 0 0
2.1602038 0 0 0 0
2.1782817 0 0 0 0
2.1904262 0 0 0 0
2.2090408 0 0 0 0
2.2215689 0 0 0 0
2.2479137 0 0 0 0
2.2602892 0 0 0 0
2.2783679 0 0 0 0
2.2913464 0 0 0 0
2.3038634 0 0 0 0
2.3162244 0 0 0 0
2.3293782 0 0 0 0
2.3481942 0 0 0 0
2.3604037 0 0 0 0
2.3773992 0 0 0 0
2.3988768 0 0 0 0
2.4108858 0 0 0 0
2.4381454 0 0 0 0
2.4501377 0 0 0 0
2.4681382 0 0 0 0
2.4800898 0 0 0 0
2.494344 0 0 0 0
2.5060575 0 0 0 0
2.5181336 0 0 0 0
2.5301387 0 0 0 0
2.5430539 0 0 0 0
2.5681757 0 0 0 0
2.5881292 0 0 0 0
2.6085566 0 0 0 0
2.6200639 0 0 0 0
2.6331703 0 0 0 0
2.6453464 0 0 0 0
2.6574042 0 0 0 0
2.6703095 0 0 0 0
2.6878836 0 0 0 0
2.6999191 0 0 0 0
2.7119661 0 0 0 0
2.7255925 0 0 0 0
2.7377721 0 0 0 0
2.7499864 0 0 0 0
2.7788193 0 0 0 0
2.7909185 0 0 0 0
2.8025927 0 0 0 0
2.8148022 0 0 0 0
2.8263767 0 0 0 0
2.8476906 0 0 0 0
2.8683151 0 0 0 0
2.8797985 0 0 0 0
2.8908273 0 0 0 0
2.9094213 0 0 0 0
2.9220957 0 0 0 0
2.9349754 0 0 0 0
2.9596969 0 0 0 0
2.970201 0 0 0 0
2.9878067 0 0 0 0
2.9998276 0 0 0 0
3.0116843 0 0 0 0
3.0243652 0 0 0 0
3.0359315 0 0 0 0
3.0474526 0 0 0 0
3.0596082 0 0 0 0
3.0729973 0 0 0 0
3.0890271 0 0 0 0
3.1165462 0 0 0 0
3.1295367 0 0 0 0
3.1431092 0 0 0 0
3.156121 0 0 0 0
3.1798003 0 0 0 0
3.1929297 0 0 0 0
3.205995 0 0 0 0
3.2185018 0 0 0 0
3.2305189 0 0 0 0
3.2510335 0 0 0 0
3.2645004 0 0 0 0
3.2772411 0 0 0 0
3.2898654 0 0 0 0
3.3078419 0 0 0 0
3.3228646 0 0 0 0
3.3343706 0 0 0 0
3.3459028 0 0 0 0
3.3596908 0 0 0 0
3.3722694 0 0 0 0
3.3848686 0 0 0 0
3.3979535 0 0 0 0
3.4150948 0 0 0 0
3.4281126 0 0 0 0
3.4401302 0 0 0 0
3.4605007 0 0 0 0
3.4726148 0 0 0 0
3.4892964 0 0 84 84
3.5024027 0 0 84 84
3.5189705 0 0 84 84
3.5309795 0 0 84 84
3.5452773 0 0 84 84
3.5588151 0 0 84 84
3.5728153 0 0 84 84
3.5999688 0 0 84 84
3.6130735 0 0 84 84
3.6403869 109.836197617288 -73.2241317448586 84 84
3.6600728 0 0 84 84
3.67216 0 0 84 84
3.6842246 0 0 84 84
3.7101101 0 0 84 84
3.7232216 0 0 84 84
3.7363232 1030.42120448315 -1030.42120448315 84 84
3.7509349 0 0 84 84
3.7627395 0 0 84 84
3.774772 0 0 84 84
3.8001614 0 0 84 84
3.813278 0 0 84 84
3.827386 0 0 84 84
3.8404397 0 0 84 84
3.8508326 0 0 84 84
3.8694249 0 0 84 84
3.8814326 0 0 84 84
3.9099285 0 0 84 84
3.9220684 0 0 84 84
3.9351042 3750.90779949393 -3591.29470164312 82 84
3.9471606 0 0 82 84
3.9687931 0 0 82 84
3.9883682 0 0 82 84
4.000762 0 0 82 84
4.0185251 1789.12213740459 -1729.48473282444 81 84
4.0392322 0 0 81 84
4.0593589 0 0 81 84
4.0707063 0 0 81 84
4.091132 0 0 81 84
4.1065879 0 0 81 84
4.1236235 1994.10492730871 -1931.78914833032 79 84
4.1378537 0 0 79 84
4.1518072 0 0 79 84
4.17924 0 0 79 84
4.190067 0 0 79 84
4.2127002 0 0 79 84
4.2273102 2427.02380689708 -2500.56998286366 78 84
4.2407788 0 0 78 84
4.2603679 0 0 78 84
4.2794533 0 0 78 84
4.2927577 0 0 78 84
4.3063631 0 0 78 84
4.3193706 2718.06473790655 -2718.06473790655 75 84
4.3325595 0 0 75 84
4.3453178 0 0 75 84
4.3599803 0 0 75 84
4.3721711 0 0 75 84
4.4000349 0 0 75 84
4.4130451 0 0 75 84
4.4271303 0 0 75 84
4.4401387 0 0 75 84
4.4700139 1175.59600988884 -1175.59600988884 69 84
4.4860685 0 0 69 84
4.5025644 0 0 69 84
4.5195816 0 0 69 84
4.5476542 1380.63279002874 -1303.93096836047 52 84
4.5656918 0 0 52 84
4.5858477 0 0 52 84
4.6028392 0 0 52 84
4.6313549 0 -1464.33674420256 84 55
4.6505121 1979.42561726056 0 32 84
4.6664927 0 0 32 84
4.6868504 0 0 32 84
4.7037055 0 0 32 84
4.7332232 1221.54358689619 -1221.54358689619 0 0
4.7507763 0 0 0 0
4.7683602 0 0 0 0
4.7883684 0 0 0 0
4.8051218 0 0 0 0
4.8202082 0 0 0 0
4.8493384 1121.27898144464 -1193.61956089268 0 0
4.8630798 0 0 0 0
4.8800376 0 0 0 0
4.8939026 0 0 0 0
4.9115258 0 0 0 0
4.926708 0 0 0 0
4.9442209 1935.4435911844 -1997.87725541615 -31 -84
4.9588565 0 0 -31 -84
4.9725573 0 0 -31 -84
4.9873987 0 0 -31 -84
5.0005427 0 0 -31 -84
5.0140548 0 0 -31 -84
5.0285896 0 0 -31 -84
5.0431439 0 0 -31 -84
5.0621844 0 0 -31 -84
5.0769082 2049.30475438702 -2428.80563482906 -52 -84
5.091336 0 0 -52 -84
5.1050825 0 0 -52 -84
5.135671 0 -1847.82816472431 -32 -84
5.149598 1775.26667592889 0 -63 -84
5.1606345 0 0 -63 -84
5.1785917 0 0 -63 -84
5.1913136 0 0 -63 -84
5.219671 0 0 -63 -84
5.2303316 1031.83685721258 -1500.85361049103 -62 -84
5.2485223 0 0 -62 -84
5.2609187 0 0 -62 -84
5.2797364 0 0 -62 -84
5.3021708 0 0 -62 -84
5.3211813 0 0 -62 -84
5.336934 0 0 -62 -84
5.372588 59.4677045763373 -208.136966017181 -58 -84
5.3880764 0 0 -58 -84
5.4011939 0 0 -58 -84
5.4159035 0 0 -58 -84
5.4325821 0 0 -58 -84
5.4602274 -38.9930436410134 77.9860872820267 -59 -84
5.4759168 0 0 -59 -84
5.4954328 0 0 -59 -84
5.5096695 0 0 -59 -84
5.5290281 0 474.453636983659 -66 -84
5.5426216 -317.65443961787 0 -61 -84
5.5552797 0 0 -61 -84
5.5801774 0 0 -61 -84
5.5951932 0 0 -61 -84
5.6073147 0 0 -61 -84
5.6264035 -409.476455103824 994.442819537859 -69 -84
5.6497017 0 0 -69 -84
5.6692844 0 0 -69 -84
5.6802542 0 0 -69 -84
5.6988683 0 0 -69 -84
5.7304789 -455.76477328958 651.092533270828 -74 -84
5.7451851 0 0 -74 -84
5.757183 0 0 -74 -84
5.7792825 0 0 -74 -84
5.7989418 0 0 -74 -84
5.8253666 -722.328788012555 842.71691934798 -75 -84
5.8384054 0 0 -75 -84
5.8503613 0 0 -75 -84
5.8703854 0 0 -75 -84
5.8899207 0 0 -75 -84
5.9039649 0 0 -75 -84
5.9178731 0 0 -75 -84
5.9315636 0 0 -75 -84
5.9450878 -1676.86091636456 1916.41247584521 -79 -84
5.9581761 0 0 -79 -84
5.9789884 0 0 -79 -84
5.9994521 0 0 -79 -84
6.0134283 0 0 -79 -84
6.0316298 -1257.45491125965 1377.2125218558 0 0
6.0447391 0 0 0 0
6.0567489 0 0 0 0
6.0693027 0 0 0 0
6.0900282 0 0 0 0
6.1002466 0 0 0 0
6.1244844 -860.600010327195 903.630010843555 0 0
6.1379196 0 0 0 0
6.1510862 0 0 0 0
6.1632885 0 0 0 0
6.177532 0 0 0 0
6.1902406 0 0 0 0
6.2099307 0 0 0 0
6.2235173 -873.07130611471 873.07130611471 0 0
6.2366301 0 0 0 0
6.2492083 0 0 0 0
6.2685986 0 0 0 0
6.2806897 0 0 0 0
6.2946488 0 0 0 0
6.3071859 0 0 0 0
6.3198235 -164.793513727298 82.3967568636488 0 0
6.3303323 0 0 0 0
6.3514298 0 0 0 0
6.3686002 0 0 0 0
6.3846107 0 0 0 0
6.40062 0 0 0 0
6.4221362 0 0 0 0
6.4355949 0 0 0 0
6.4499248 0 0 0 0
6.4700318 0 0 0 0
6.4988498 0 0 0 0
6.5115499 0 0 0 0
6.52753 0 0 0 0
6.5501004 0 0 0 0
6.5702233 0 0 0 0
6.5838039 0 0 0 0
6.5974927 0 0 0 0
6.6110784 0 0 0 0
6.6255939 0 0 0 0
6.6395299 0 0 0 0
6.6525755 0 0 0 0
6.6657657 0 0 0 0
6.6778559 0 0 0 0
6.6909811 0 0 0 0
6.7131507 0 0 0 0
6.7279352 0 0 0 0
6.7492465 0 0 0 0
6.7607607 0 0 0 0
6.7799487 0 0 0 0
6.7902886 0 0 0 0
6.8118967 0 0 0 0
6.8258909 0 0 0 0
6.8383853 0 0 0 0
6.8508672 0 0 0 0
6.8698791 0 0 0 0
6.8992265 0 0 0 0
6.9110071 0 0 0 0
6.9234972 0 0 0 0
6.9360707 0 0 0 0
6.9490799 0 0 0 0
6.9606929 0 0 0 0
6.9793156 0 0 0 0
7.0002916 0 0 0 0
7.0271411 0 0 0 0
7.0468457 0 0 0 0
7.0602245 0 0 0 0
7.0804628 0 0 0 0
7.1006075 0 0 0 0
7.1128209 0 0 0 0
7.1268198 0 0 0 0
7.1488333 0 0 0 0
7.1614398 0 0 0 0
7.1759775 0 0 0 0
7.1888118 0 0 0 0
7.2109768 0 0 0 0
7.2236901 0 0 0 0
7.2357658 0 0 0 0
7.2487768 0 0 0 0
7.2711461 0 0 0 0
7.2992572 0 0 0 0
7.3219503 0 0 0 0
7.3368955 0 0 0 0
7.3606949 0 0 0 0
7.3732855 0 0 0 0
7.385815 0 0 0 0
7.3989855 0 0 0 0
7.419143 0 0 0 0
7.4341768 0 0 0 0
7.4464257 0 0 0 0
7.4612897 0 0 0 0
7.4748194 0 0 0 0
7.4991731 0 0 0 0
7.5203142 0 0 0 0
7.5335236 0 0 0 0
7.5466017 0 0 0 0
7.5596645 0 0 0 0
7.5723389 0 0 0 0
7.5867278 0 0 0 0
7.6104814 0 0 0 0
7.6231426 0 0 0 0
7.6507281 0 0 0 0
7.6637352 0 0 0 0
7.6787784 0 0 0 0
7.6909272 0 0 0 0
7.7035619 0 0 0 0
7.7194176 0 0 0 0
7.7321617 0 0 0 0
7.7462098 0 0 0 0
7.7599734 0 0 0 0
7.7710193 0 0 0 0
7.7904447 0 0 0 0
7.8053972 0 0 0 0
7.8284637 0 0 0 0
7.8433841 0 0 0 0
7.8564558 0 0 0 0
7.8795633 0 0 0 0
7.8929301 0 0 0 0
7.9191573 0 0 0 0
7.9333756 0 0 0 0
7.9468749 0 0 0 0
7.968705 0 0 0 0
7.9899137 0 0 0 0
8.0028511 0 0 0 0
8.0313073 0 0 0 0
8.0463556 0 0 0 0
8.0678846 0 0 0 0
8.0900415 0 0 0 0
8.1026419 0 0 0 0
8.1147659 0 0 0 0
8.1269075 0 0 0 0
8.1399723 0 0 0 0
8.1594473 0 0 0 0
8.1725579 0 0 0 0
8.1855745 0 0 0 0
8.2096245 0 0 0 0
8.2231367 0 0 0 0
8.2361443 0 0 0 0
8.2620191 0 0 0 0
8.2804493 0 0 0 0
8.297213 0 0 0 0
8.314802 0 0 0 0
8.3307993 0 0 0 0
8.3462757 0 0 0 0
8.3623889 0 0 0 0
8.3813503 0 0 0 0
8.3990124 0 0 0 0
8.4139915 0 0 0 0
8.4305058 0 0 0 0
8.4460985 0 0 0 0
8.4636726 0 0 0 0
8.4798927 0 0 0 0
8.4964062 0 0 0 0
8.5096754 0 0 0 0
8.5236756 0 0 0 0
8.5374435 0 0 0 0
8.5526159 0 0 0 0
8.5677899 0 0 0 0
8.5909697 0 0 0 0
8.6034688 0 0 0 0
8.6234022 0 0 0 0
8.6370324 0 0 0 0
8.6602284 0 0 0 0
8.6798886 0 0 0 0
8.6935577 0 0 0 0
8.7078008 0 0 0 0
8.7233148 0 0 0 0
8.7376314 0 0 0 0
8.7596745 0 0 0 0
8.7750102 0 0 0 0
8.7907663 0 0 0 0
8.8058642 0 0 0 0
8.8222331 0 0 0 0
8.8374718 0 0 0 0
8.8519479 0 0 0 0
8.867524 0 0 0 0
8.8830346 0 0 0 0
8.8981749 0 0 0 0
8.9157442 0 0 0 0
8.9317599 0 0 0 0
8.9471161 0 0 0 0
8.96736 0 0 0 0
8.9828976 0 0 0 0
8.9976423 0 0 0 0
9.0132149 0 0 0 0
9.0278865 0 0 0 0
9.0431974 0 0 0 0
9.0619663 0 0 0 0
9.0809829 0 0 0 0
9.0961723 0 0 0 0
9.114833 0 0 0 0
9.1337119 0 0 0 0
9.1503421 0 0 0 0
9.1655358 0 0 0 0
9.1815477 0 0 0 0
9.1950581 0 0 0 0
9.2082556 0 0 0 0
9.2224105 0 0 0 0
9.2386567 0 0 0 0
9.2522121 0 0 0 0
9.2798929 0 0 0 0
9.2989715 0 0 0 0
9.3193719 0 0 0 0
9.3330825 0 0 0 0
9.3599756 0 0 0 0
9.3741759 0 0 0 0
9.3872934 0 0 0 0
9.4006153 0 0 0 0
9.4146774 0 0 0 0
9.4316895 0 0 0 0
9.4598801 0 0 0 0
9.4707096 0 0 0 0
9.4901577 0 0 0 0
9.5098619 0 0 0 0
9.5290491 0 0 0 0
9.5436779 0 0 0 0
9.5591855 0 0 0 0
9.5808779 0 0 0 0
9.5946278 0 0 0 0
9.6076333 0 0 0 0
9.6232469 0 0 0 0
9.6372595 0 0 0 0
9.6497663 0 0 0 0
9.6653398 0 0 0 0
9.6794601 0 0 0 0
9.6926849 0 0 0 0
9.7071965 0 0 0 0
9.7252072 0 0 0 0
9.7372825 0 0 0 0
9.7594542 0 0 0 0
9.7708252 0 0 0 0
9.7900427 0 0 0 0
9.813101 0 0 0 0
9.8392359 0 0 0 0
9.852184 0 0 0 0
9.8663098 0 0 0 0
9.8788444 0 0 0 0
9.8904771 0 0 -7 -84
9.909444 0 0 -7 -84
9.9205891 0 0 -7 -84
9.9412329 0 0 -7 -84
9.9682821 0 0 -7 -84
9.9812948 0 0 -7 -84
9.9955836 0 0 -7 -84
10.0089187 0 0 -7 -84
10.0217141 0 0 -7 -84
10.0353572 0 0 -7 -84
10.0470022 0 0 -7 -84
10.0696829 0 0 -7 -84
10.0821636 0 0 -7 -84
10.0939575 0 0 -7 -84
10.1228866 -35.7998217168875 143.19928686755 -7 -84
10.135505 0 0 -7 -84
10.1477424 0 0 -7 -84
10.1614466 0 0 -7 -84
10.1887767 0 0 -7 -84
10.20841 0 0 -7 -84
10.2300172 0 379.053503401988 -8 -84
10.2436821 0 0 -8 -84
10.255641 0 0 -8 -84
10.2783029 0 0 -8 -84
10.2903294 0 0 -8 -84
10.3088974 0 0 -8 -84
10.3209483 0 0 -8 -84
10.3329572 0 0 -8 -84
10.34555 -165.393139492571 1157.751976448 -9 -84
10.3592974 0 0 -9 -84
10.3705639 0 0 -9 -84
10.3891353 0 0 -9 -84
10.4097731 0 0 -9 -84
10.4282409 0 0 -9 -84
10.4459681 0 986.065659647063 -11 -84
10.4598365 -245.485119510333 0 -10 -84
10.4726615 0 0 -10 -84
10.4865975 0 0 -10 -84
10.5024887 0 0 -10 -84
10.5183389 0 0 -10 -84
10.5539095 -58.7035324850685 498.980026123082 -11 -84
10.569891 0 0 -11 -84
10.5849915 0 0 -11 -84
10.6005239 0 0 -11 -84
10.615736 0 0 -11 -84
10.6352499 -222.058145925513 888.232583702053 -12 -84
10.6532666 0 0 -12 -84
10.6696817 0 0 -12 -84
10.6917244 0 0 -12 -84
10.7052318 0 0 -12 -84
10.7173969 0 0 -12 -84
10.7314253 0 0 -12 -84
10.7455152 0 0 -12 -84
10.7631688 -300.278658595175 960.891707504559 -13 -84
10.776702 0 0 -13 -84
10.7929537 0 0 -13 -84
10.8104376 -285.977384908398 972.323108688553 -13 -84
10.8300969 0 0 -13 -84
10.849657 0 0 -13 -84
10.8676728 0 0 -13 -84
10.883236 0 0 -13 -84
10.899247 0 0 -13 -84
10.9182404 -353.232073472249 1000.82420817137 -14 -84
10.9340265 0 0 -14 -84
10.9495414 0 0 -14 -84
10.9685515 0 0 -14 -84
10.9844851 0 0 -14 -84
11.0026035 0 0 -14 -84
11.0188895 0 0 -14 -84
11.041917 -332.913228544938 856.062587686982 -14 -84
11.0564551 0 0 -14 -84
11.0724969 0 0 -14 -84
11.0877578 0 0 -14 -84
11.1052412 0 0 -14 -84
11.1374043 -195.684504396377 619.667597255195 -14 -84
11.1497015 0 0 -14 -84
11.1697611 0 0 -14 -84
11.182406 0 0 -14 -84
11.1955153 0 0 -14 -84
11.2080768 0 0 -14 -84
11.2277519 -406.605303149654 914.861932086721 -14 -84
11.2398785 0 0 -14 -84
11.2505712 0 0 -14 -84
11.2698974 0 0 -14 -84
11.2901216 0 0 -14 -84
11.3137863 -397.210698208141 706.152352370029 -13 -84
11.3267212 0 0 -13 -84
11.3481497 0 0 -13 -84
11.3609926 0 0 -13 -84
11.3878224 0 0 -13 -84
11.4007684 0 0 -13 -84
11.422217 0 0 -13 -84
11.4487111 -408.293252545722 612.439878818583 -12 -84
11.4647233 0 0 -12 -84
11.4792739 0 0 -12 -84
11.4902672 0 0 -12 -84
11.510269 0 0 -12 -84
11.5237367 0 0 -12 -84
11.537748 -768.556804033392 922.268164840071 -10 -84
11.5513346 0 0 -10 -84
11.5644906 0 0 -10 -84
11.5968042 0 0 -10 -84
11.6163647 0 0 -10 -84
11.6375178 0 0 -10 -84
11.6539517 0 0 -10 -84
11.6794639 -457.850682405632 499.473471715235 -8 -84
11.6928508 0 0 -8 -84
11.7071554 0 0 -8 -84
11.7299892 -454.027450499648 590.235685649542 -7 -84
11.7443593 0 0 -7 -84
11.7574477 0 0 -7 -84
11.7705301 0 0 -7 -84
11.7906431 0 0 -7 -84
11.812702 0 0 -7 -84
11.8472907 -306.87177976426 398.933313693538 -6 -84
11.862283 0 0 -6 -84
11.8786344 0 0 -6 -84
11.8973512 0 0 -6 -84
11.9208821 -408.474483960551 590.018699054129 -4 -84
11.9356323 0 0 -4 -84
11.9521141 0 0 -4 -84
11.9699059 0 0 -4 -84
11.986161 0 0 -4 -84
12.0043727 0 0 -4 -84
12.0197354 0 0 -4 -84
12.0423695 -484.538380285132 532.992218313646 -3 -84
12.0564419 0 0 -3 -84
12.0750094 0 0 -3 -84
12.0905863 0 0 -3 -84
12.107246 0 0 -3 -84
12.1250523 0 0 -3 -84
12.1405668 -571.041079267703 856.561618901554 -2 -84
12.1585775 0 0 -2 -84
12.1721307 0 0 -2 -84
12.1847773 0 0 -2 -84
12.198009 0 0 -2 -84
12.2126074 0 0 -2 -84
12.2264472 0 0 -2 -84
12.2394244 0 0 -2 -84
12.2519337 -582.774840777596 915.789035507651 -1 -84
12.2796359 0 0 -1 -84
12.2902593 0 0 -1 -84
12.3105579 -344.85136905993 443.380331648482 0 -84
12.3306346 0 0 0 -84
12.3453229 0 0 0 -84
12.3580662 0 0 0 -84
12.3702406 0 0 0 -84
12.3923012 0 0 0 -84
12.4047362 0 0 0 -84
12.4426046 0 269.822187178662 0 -84
12.4585394 -502.234945507523 0 0 -84
12.4755285 0 0 0 -84
12.4936538 0 0 0 -84
12.5125861 0 0 0 -84
12.5347121 -378.678506681308 378.678506681308 2 -84
12.5480066 0 0 2 -84
12.5623407 0 0 2 -84
12.576488 0 0 2 -84
12.5925422 0 0 2 -84
12.6068763 0 0 2 -84
12.6364641 0 318.927129137593 1 -84
12.6481583 -535.987064845518 0 3 -84
12.6615234 0 0 3 -84
12.6898474 0 0 3 -84
12.7101636 0 0 3 -84
12.730549 -251.385132077753 301.662158493304 3 -84
12.762784 0 0 3 -84
12.7785041 0 0 3 -84
12.7945194 0 0 3 -84
12.8102528 0 0 3 -84
12.8256557 0 0 3 -84
12.8589614 0 242.230458057783 3 -84
12.8745704 -367.349937550534 0 4 -84
12.8887664 0 0 4 -84
12.9032785 0 0 4 -84
12.9170913 0 0 4 -84
12.9402253 -138.680226511031 323.587195192406 4 -84
12.9539526 0 0 4 -84
12.9719864 0 0 4 -84
12.9889712 0 0 4 -84
13.0041439 0 0 4 -84
13.0250024 0 0 4 -84
13.0402538 -218.19610010837 363.660166847283 4 -84
13.055108 0 0 4 -84
13.0699716 0 0 4 -84
13.0864928 0 0 4 -84
13.1106856 0 0 4 -84
13.1242885 -320.438359676032 400.54794959504 5 -84
13.137737 0 0 5 -84
13.1490809 0 0 5 -84
13.1622108 0 0 5 -84
13.1760685 0 0 5 -84
13.1886887 0 0 5 -84
13.2132621 0 0 5 -84
13.2396946 -79.2022746893307 198.005686723327 5 -84
13.2524764 0 0 5 -84
13.265614 0 0 5 -84
13.2777504 0 0 5 -84
13.2898287 0 0 5 -84
13.3003195 0 0 5 -84
13.3189011 0 0 5 -84
13.3317393 0 0 5 -84
13.347486 0 407.174413159849 5 -84
13.3625035 0 0 5 -84
13.379998 0 0 5 -84
13.3960081 0 0 5 -84
13.412788 0 0 5 -84
13.4281139 0 0 5 -84
13.4490173 0 371.390219703851 4 -84
13.464066 0 0 4 -84
13.4809238 0 0 4 -84
13.5001374 0 0 4 -84
13.5158033 0 0 4 -84
13.5428191 0 279.857832221237 4 -84
13.5564763 0 0 4 -84
13.5702964 0 0 4 -84
13.5834605 0 0 4 -84
13.5980315 0 0 4 -84
13.6107581 0 0 4 -84
13.6568893 0 161.571397246366 3 -84
13.6713872 0 0 3 -84
13.6844491 0 0 3 -84
13.6985455 0 0 3 -84
13.7202301 0 338.412747524757 3 -84
13.7342491 0 0 3 -84
13.7477331 0 0 3 -84
13.7622447 0 0 3 -84
13.776755 0 0 3 -84
13.801219 0 0 3 -84
13.8214202 0 374.818614563324 2 -84
13.8363073 0 0 2 -84
13.8497374 0 0 2 -84
13.8627757 0 0 2 -84
13.8773823 0 0 2 -84
13.8909167 0 0 2 -84
13.9080588 0 372.079178449203 2 -84
13.922458 0 0 2 -84
13.9364047 0 0 2 -84
13.953093 0 0 2 -84
13.9657499 0 0 2 -84
13.9804912 0 0 2 -84
13.9953582 0 0 2 -84
14.0101439 0 0 2 -84
14.0318675 0 296.967957157419 1 -84
14.0449935 0 0 1 -84
14.0599422 0 0 1 -84
14.0745591 0 0 1 -84
14.1168815 0 147.358597146159 1 -84
14.1314188 0 0 1 -84
14.1475615 0 0 1 -84
14.160862 0 0 1 -84
14.1749823 0 0 1 -84
14.1878222 0 0 1 -84
14.2051072 0 0 1 -84
14.2370055 0 230.293459665735 0 -84
14.2518311 0 0 0 -84
14.265717 0 0 0 -84
14.2923732 0 0 0 -84
14.3071277 0 0 0 -84
14.3207905 0 0 0 -84
14.3403369 0 367.523521505365 0 -84
14.3538798 0 0 0 -84
14.3670281 0 0 0 -84
14.3811202 0 0 0 -84
14.3947106 0 0 0 -84
14.409147 0 0 0 -84
14.4234324 0 0 0 -84
14.4369754 0 0 0 -84
14.4515118 0 0 0 -84
14.47001 0 400.05715102155 0 -84
14.484298 0 0 0 -84
14.4984311 0 0 0 -84
14.5197099 0 404.555292594607 0 -84
14.5329288 0 0 0 -84
14.5610167 0 0 0 -84
14.5745246 0 0 0 -84
14.5876177 0 0 0 -84
14.6013912 0 0 0 -84
14.6155462 0 0 0 -84
14.6287081 0 0 0 -84
14.6478829 -55.0233574152242 495.210216737018 -1 -84
14.661434 0 0 -1 -84
14.6760991 0 0 -1 -84
14.6901121 0 0 -1 -84
14.70417 0 0 -1 -84
14.7181864 0 0 -1 -84
14.742251 -44.3480613244986 399.132551920487 -1 -84
14.7569854 0 0 -1 -84
14.7706875 0 0 -1 -84
14.785986 0 0 -1 -84
14.7994738 0 0 -1 -84
14.8131882 0 0 -1 -84
14.8301897 -62.463692978455 687.100622763004 -2 -84
14.8477941 0 0 -2 -84
14.8616031 0 0 -2 -84
14.8758119 0 0 -2 -84
14.8897637 0 0 -2 -84
14.9037536 0 0 -2 -84
14.9263009 0 548.308468375079 -2 -84
14.9396497 0 0 -2 -84
14.9608161 0 0 -2 -84
14.9906565 0 0 -2 -84
15.0053786 0 0 -2 -84
15.0279121 -47.588002112905 475.88002112905 -3 -84
15.0420077 0 0 -3 -84
15.0567541 0 0 -3 -84
15.0704557 0 0 -3 -84
15.0844657 0 0 -3 -84
15.0980878 0 0 -3 -84
15.1142266 0 0 -3 -84
15.1277341 0 0 -3 -84
15.1510405 0 555.062166962709 -4 -84
15.1643735 0 0 -4 -84
15.1782235 0 0 -4 -84
15.1903385 0 0 -4 -84
15.2201098 -35.384201661643 389.226218278073 -4 -84
15.2348874 0 0 -4 -84
15.2476974 0 0 -4 -84
15.2625626 0 0 -4 -84
15.2776093 0 0 -4 -84
15.2919301 0 0 -4 -84
15.3066115 0 0 -4 -84
15.3191457 0 0 -4 -84
15.3331924 0 0 -4 -84
15.3486911 0 0 -4 -84
15.3627036 -76.8102249771532 998.532924702991 -5 -84
15.3775074 0 0 -5 -84
15.3920711 0 0 -5 -84
15.4058536 0 0 -5 -84
15.4239289 0 0 -5 -84
15.4522272 -73.2640987600084 439.58459256005 -5 -84
15.4659853 0 0 -5 -84
15.4825788 0 0 -5 -84
15.4961085 0 0 -5 -84
15.5097738 0 0 -5 -84
15.5239442 0 0 -5 -84
15.5375556 0 0 -5 -84
15.5535678 -249.814720748785 999.258882995141 -5 -84
15.56682 0 0 -5 -84
15.5788298 0 0 -5 -84
15.5922501 0 0 -5 -84
15.604809 0 0 -5 -84
15.6173393 0 0 -5 -84
15.6598003 -100.219982862383 300.65994858715 -4 -84
15.6736273 0 0 -4 -84
15.6876497 0 0 -4 -84
15.7011589 0 0 -4 -84
15.7155332 0 0 -4 -84
15.7366367 -203.762474083956 611.287422251867 -4 -84
15.7512548 0 0 -4 -84
15.764312 0 0 -4 -84
15.7804547 0 0 -4 -84
15.8041138 0 0 -4 -84
15.8226283 0 0 -4 -84
15.8371895 -229.811095279695 1072.45177797191 -3 -84
15.8512568 0 0 -3 -84
15.8661546 0 0 -3 -84
15.8801595 0 0 -3 -84
15.8942109 0 0 -3 -84
15.9075456 0 0 -3 -84
15.9345773 -115.220647540037 537.696355186838 -3 -84
15.9485856 0 0 -3 -84
15.962451 0 0 -3 -84
15.9906625 0 0 -3 -84
16.0046161 0 0 -3 -84
16.0206151 -275.852556808377 1034.44708803141 -3 -84
16.034628 0 0 -3 -84
16.048635 0 0 -3 -84
16.0636449 0 0 -3 -84
16.0786945 0 0 -3 -84
16.0939271 0 0 -3 -84
16.1075608 0 0 -3 -84
16.1250767 -187.241372853738 936.206864268688 -2 -84
16.1392449 0 0 -2 -84
16.1537539 0 0 -2 -84
16.1687702 0 0 -2 -84
16.1827857 0 0 -2 -84
16.1972802 0 0 -2 -84
16.2111726 0 0 -2 -84
16.2329116 0 896.367917199405 -4 -84
16.2459735 -238.824981093016 0 -2 -84
16.2609936 0 0 -2 -84
16.2757857 0 0 -2 -84
16.2909594 0 0 -2 -84
16.3049569 0 0 -2 -84
16.31998 0 0 -2 -84
16.3376734 -185.409507799523 927.047538997616 -2 -84
16.3522603 0 0 -2 -84
16.3667886 0 0 -2 -84
16.3848053 0 0 -2 -84
16.3994337 0 0 -2 -84
16.418487 0 0 -2 -84
16.4331401 -303.748253447566 1214.99301379026 -2 -84
16.4467396 0 0 -2 -84
16.4603052 0 0 -2 -84
16.4743943 0 0 -2 -84
16.4890847 0 0 -2 -84
16.5031849 0 0 -2 -84
16.5171851 -230.801187856808 1230.93966856965 -84 -37
16.5296542 0 0 -84 -37
16.5467993 0 0 -84 -37
16.5634586 0 0 -84 -37
16.5835306 0 0 -84 -37
16.5983797 0 0 -84 -37
16.6196666 0 0 -84 -37
16.6355677 0 0 -84 -37
16.6610003 -83.5627828077994 626.720871058496 -84 -24
16.6755744 0 0 -84 -24
16.6897695 0 0 -84 -24
16.7064669 0 0 -84 -24
16.720612 0 0 -84 -24
16.7353007 -153.54968483927 1074.84779387489 -84 -12
16.7492936 0 0 -84 -12
16.7634502 0 0 -84 -12
16.7771468 0 0 -84 -12
16.8094146 -32.5243444718378 422.816478133892 -84 -1
16.8209848 0 0 -84 -1
16.839566 0 0 -84 -1
16.860702 0 0 -84 -1
16.8767057 0 0 -84 -1
16.9002943 0 0 -84 -1
16.9145284 0 0 -84 -1
16.9399854 -45.5717892395862 546.861470875035 -84 9
16.95322 0 0 -84 9
16.9652658 0 0 -84 9
16.9778372 0 0 -84 9
16.9998122 0 0 -84 9
17.0117177 0 0 -84 9
17.0251332 0 0 -84 9
17.0536476 -36.3455296815767 508.837415542074 -31 -84
17.0658118 0 0 -31 -84
17.0788702 0 0 -31 -84
17.0991916 0 0 -31 -84
17.1133422 -456.083007107175 912.166014214349 -48 -84
17.1396986 0 0 -48 -84
17.1516199 0 0 -48 -84
17.1762644 0 0 -48 -84
17.1957946 0 0 -48 -84
17.2196594 -612.667334765763 393.857572349419 -68 -84
17.2398777 0 0 -68 -84
17.2525461 0 0 -68 -84
17.2652586 0 0 -68 -84
17.2788914 0 0 -68 -84
17.2991904 0 0 -68 -84
17.3113551 0 0 -68 -84
17.3243776 0 0 -68 -84
17.3366145 -1363.01294010384 1022.25970507788 84 -84
17.3497992 0 0 84 -84
17.3624475 0 0 84 -84
17.3758177 0 0 84 -84
17.3904743 0 0 84 -84
17.4081582 0 0 84 -84
17.4331765 -782.034070617616 782.034070617616 84 -84
17.4494808 0 0 84 -84
17.4642217 0 0 84 -84
17.4813938 0 0 84 -84
17.496363 0 0 84 -84
17.5148736 0 0 84 -84
17.529425 0 0 84 -84
17.5479514 -285.225328009116 1026.81118083282 84 -84
17.5625392 0 0 84 -84
17.5770918 0 0 84 -84
17.5897192 0 0 84 -84
17.603308 0 0 84 -84
17.6165841 0 0 84 -84
17.6536716 110.859521585744 388.008325550105 84 -84
17.6674939 0 0 84 -84
17.681503 0 0 84 -84
17.6958068 0 0 84 -84
17.7098155 0 0 84 -84
17.7234444 0 0 84 -84
17.7394532 666.306860961778 732.937547057956 84 -84
17.7538917 0 0 84 -84
17.7673543 0 0 84 -84
17.7811419 0 0 84 -84
17.8158987 0 0 84 -84
17.8370578 0 0 84 -84
17.8531937 953.225936544546 513.275504293217 84 -84
17.8696165 0 0 84 -84
17.8899091 0 0 84 -84
17.9057012 0 0 84 -84
17.9208607 0 0 84 -84
17.9399756 827.965357929415 386.383833700394 84 -84
17.9538962 0 0 84 -84
17.9785334 0 0 84 -84
17.9905518 0 0 84 -84
18.0181954 0 265.022350218184 84 -84
18.0310067 1299.61904916618 0 84 -84
18.0457265 0 0 84 -84
18.0600252 0 0 84 -84
18.0770831 0 0 84 -84
18.0985988 0 0 84 -84
18.1181619 861.878572082558 323.204464530959 84 -84
18.1312259 0 0 84 -84
18.1459578 0 0 84 -84
18.1600571 0 0 84 -84
18.1746043 0 0 84 -84
18.1891129 0 0 84 -84
18.21073 786.414458923712 323.817718380352 84 -84
18.230879 0 0 84 -84
18.2501786 0 0 84 -84
18.2627559 0 0 84 -84
18.275486 0 0 84 -84
18.2887095 0 0 84 -84
18.3006274 0 0 84 -84
18.329403 0 316.509532871517 84 -84
18.340484 1624.40212977157 0 84 -84
18.3606488 0 0 84 -84
18.3801173 0 0 84 -84
18.3936128 0 0 84 -84
18.4237694 620.14649238257 344.525829101428 84 -84
18.4366987 0 0 84 -84
18.4505731 0 0 84 -84
18.4702392 0 0 84 -84
18.4823265 0 0 84 -84
18.4955658 0 0 84 -84
18.5092422 0 0 84 -84
18.5221681 0 0 84 -84
18.5364163 0 0 84 -84
18.5601169 788.85436433678 482.077667094699 84 -84
18.5726896 0 0 84 -84
18.5853062 0 0 84 -84
18.5989129 0 0 84 -84
18.6106414 0 0 84 -84
18.6296678 0 0 84 -84
18.6432437 1300.10171383992 994.195428230526 84 -84
18.6552745 0 0 84 -84
18.6680169 0 0 84 -84
18.6815637 0 0 84 -84
18.6958153 0 0 84 -84
18.7136387 1148.33053005592 878.135111219236 84 -84
18.7399523 0 0 84 -84
18.75256 0 0 84 -84
18.781026 0 0 84 -84
18.7942594 0 0 84 -84
18.8074269 0 0 84 -84
18.8275562 903.635271542382 744.170223623138 84 -84
18.8404179 0 0 84 -84
18.8599356 0 0 84 -84
18.8724476 0 0 84 -84
18.8863566 0 0 84 -84
18.8989639 0 0 84 -84
18.9105054 0 0 84 -84
18.9336074 707.901955579069 575.170338907993 84 -84
18.946115 0 0 84 -84
18.9601429 0 0 84 -84
18.9731338 0 0 84 -84
18.9874684 0 0 84 -84
19.0100315 0 0 84 -84
19.0207113 0 0 84 -84
19.0454229 762.1402592124 508.0935061416 84 -84
19.0581469 0 0 84 -84
19.0786692 0 0 84 -84
19.0916871 0 0 84 -84
19.1097675 0 0 84 -84
19.1206983 1555.23840889954 1189.29995974671 65 -65
19.1398765 0 0 65 -65
19.1502604 0 0 65 -65
19.1699347 0 0 65 -65
19.1825163 0 0 65 -65
19.196194 0 0 65 -65
19.2100971 0 0 65 -65
19.2354104 706.082694743849 539.945590098237 32 -32
19.2599415 0 0 32 -32
19.2728353 0 0 32 -32
19.2861205 0 0 32 -32
19.303183 0 0 32 -32
19.3222047 0 0 32 -32
19.3513622 600.217578872338 450.163184154253 0 0
19.372417 0 0 0 0
19.3904589 0 0 0 0
19.4121389 0 0 0 0
19.4414187 431.977882732385 287.985255154923 -20 20
19.4539272 0 0 -20 20
19.4675369 0 0 -20 20
19.4896992 0 0 -20 20
19.5006498 0 0 -20 20
19.5403661 102.001524922798 25.5003812306995 -26 26
19.5603688 0 0 -26 26
19.5896534 0 0 -26 26
19.6060343 0 0 -26 26
19.6317573 -80.8986218919743 -121.347932837962 -20 20
19.6459366 0 0 -20 20
19.6606514 0 0 -20 20
19.6786736 0 0 -20 20
19.6934859 0 0 -20 20
19.7102897 0 0 -20 20
19.7520199 -49.1071099729213 0 -18 18
19.7798559 0 0 -18 18
19.7924376 0 0 -18 18
19.8056654 0 0 -18 18
19.8178416 0 0 -18 18
19.8305241 0 0 -18 18
19.8524312 0 0 -18 18
19.8666913 0 0 -18 18
19.8792122 0 0 -18 18
19.8942704 0 0 -18 18
19.9087448 0 0 -18 18
19.9224246 0 0 -18 18
19.9350956 0 0 -18 18
19.9481027 0 0 -18 18
19.9626161 0 0 -18 18
19.9771465 0 0 -18 18
19.989847 0 0 -18 18
20.0074441 0 0 -18 18
20.0205265 0 0 -18 18
20.033239 0 0 -18 18
20.0598815 0 0 -18 18
20.0743897 0 0 -18 18
20.0874165 0 0 -18 18
20.1044282 0 0 -18 18
20.1182196 0 0 -18 18
20.1318323 0 0 -18 18
20.1460035 0 0 -18 18
20.1607889 0 0 -18 18
20.1743259 0 0 -18 18
20.18837 0 0 -18 18
20.203879 0 0 -18 18
20.2174241 0 0 -18 18
20.2314375 0 0 -18 18
20.2465042 0 0 -18 18
20.2615756 0 0 -18 18
20.2756429 0 0 -18 18
20.2898778 0 0 -18 18
20.3050023 0 0 -18 18
20.317512 0 0 -18 18
20.332184 0 0 -18 18
20.3467453 0 0 -18 18
20.3603511 0 0 -18 18
20.3804706 0 0 -18 18
20.3938284 0 0 -18 18
20.4084375 0 0 -18 18
20.4224479 0 0 -18 18
20.4355679 0 0 -18 18
20.4490814 0 0 -18 18
20.463088 0 0 -18 18
20.4761387 0 0 -18 18
20.489133 0 0 -18 18
20.5027444 0 0 -18 18
20.5289122 0 0 -18 18
20.5429397 0 0 -18 18
20.5683638 0 0 -18 18
20.5810806 0 0 -18 18
20.5971707 0 0 -18 18
20.6126813 0 0 -18 18
20.6283848 0 0 -18 18
20.6458947 0 0 -18 18
20.6624193 0 0 -18 18
20.6791748 0 0 -18 18
20.6963144 0 0 -18 18
20.7121941 0 0 -18 18
20.7329255 0 0 -18 18
20.7492213 0 0 -18 18
20.7642303 0 0 -18 18
20.780742 0 0 -18 18
20.7957553 0 0 -18 18
20.8112689 0 0 -18 18
20.8316416 0 0 -18 18
20.8480515 0 0 -18 18
20.8637619 0 0 -18 18
20.8802749 0 0 -18 18
20.8942798 0 0 -18 18
20.9073617 0 0 -18 18
20.9215133 0 0 -18 18
20.9349134 0 0 -18 18
20.9488601 0 0 -18 18
20.9615448 0 0 -18 18
20.9766333 0 0 -18 18
20.9916431 0 0 -18 18
21.0055257 0 0 -18 18
21.019055 0 0 -18 18
21.0305705 0 0 -18 18
21.0511988 0 0 -18 18
21.0648658 0 0 -18 18
21.0779273 0 0 -18 18
21.0989324 0 0 -18 18
21.1130831 0 0 -18 18
21.1404876 0 0 -18 18
21.1527819 0 0 -18 18
21.1671921 0 0 -18 18
21.1944701 0 0 -18 18
21.2194862 0 0 -18 18
21.2340141 0 0 -18 18
21.2476777 0 0 -18 18
21.269409 0 0 -18 18
21.2831602 0 0 -18 18
21.2984224 0 0 -18 18
21.3131388 0 0 -18 18
21.3272386 0 0 -18 18
21.341252 0 0 -18 18
21.3543515 0 0 -18 18
21.3693956 0 0 -18 18
21.3835193 0 0 -18 18
21.3972077 0 0 -18 18
21.4107678 0 0 -18 18
21.423786 0 0 -18 18
21.4378781 0 0 -18 18
21.4605849 0 0 -18 18
21.4805718 0 0 -18 18
21.4947948 0 0 -18 18
21.5109268 0 0 -18 18
21.524019 0 0 -18 18
21.5376646 0 0 -18 18
21.5517139 0 0 -18 18
21.5667588 0 0 -18 18
21.5810695 0 0 -18 18
21.5949674 0 0 -18 18
21.6085189 0 0 -18 18
21.6324454 0 0 -18 18
21.649366 0 0 -18 18
21.69736 0 0 -18 18
21.7103735 0 0 -18 18
21.7349038 0 0 -18 18
21.7485606 0 0 -18 18
21.7617272 0 0 -18 18
21.7763291 0 0 -18 18
21.789382 0 0 -18 18
21.8033966 0 0 -18 18
21.8154394 0 0 -18 18
21.8280202 0 0 -18 18
21.8402952 0 0 -18 18
21.8598146 0 0 -18 18
21.8706287 0 0 -18 18
21.8887134 0 0 -18 18
21.9004761 0 0 -18 18
21.9130085 0 0 -18 18
21.9383612 0 0 -18 18
21.9514923 0 0 -18 18
21.9661412 0 0 -18 18
21.9898774 0 0 -18 18
22.0029482 0 0 -18 18
22.0159318 0 0 -18 18
22.0285857 0 0 -18 18
22.0418558 0 0 -18 18
22.0547437 0 0 -18 18
22.0798799 0 0 -18 18
22.0934541 0 0 -18 18
22.1056055 0 0 -18 18
22.1175264 0 0 -18 18
22.1295187 0 0 -18 18
22.1511765 0 0 -18 18
22.1688549 0 0 -18 18
22.1886985 0 0 -18 18
22.2122084 0 0 -18 18
22.2263822 0 0 -18 18
22.2510412 0 0 -18 18
22.2803202 0 0 -18 18
22.2948711 0 0 -18 18
22.3094546 0 0 -18 18
22.3261379 0 0 -18 18
22.3396539 0 0 -18 18
22.3537776 0 0 -18 18
22.3678171 0 0 -18 18
22.3824053 0 0 -18 18
22.3960804 0 0 -18 18
22.4102516 0 0 -18 18
22.4339061 0 0 -18 18
22.448416 0 0 -18 18
22.4699724 0 0 -18 18
22.4806757 0 0 -18 18
22.4998488 0 0 -18 18
22.5129816 0 0 -18 18
22.5271704 0 0 -18 18
22.5387513 0 0 -18 18
22.5507645 0 0 -18 18
22.5799858 0 0 -18 18
22.592493 0 0 -18 18
22.6079985 0 0 -18 18
22.6212049 0 0 -18 18
22.6495229 0 0 -18 18
22.6721356 0 0 -18 18
22.6881419 0 0 -18 18
22.7021245 0 0 -18 18
22.7148233 0 0 -18 18
22.7326937 0 0 -18 18
22.7460969 0 0 -18 18
22.7594855 0 0 -18 18
22.7736229 0 0 -18 18
22.7861669 0 0 -18 18
22.8001875 0 0 -18 18
22.8354648 0 0 -18 18
22.8483312 0 0 -18 18
22.8619332 0 0 -18 18
22.8766313 0 0 -18 18
22.8904206 0 0 -18 18
22.913597 0 0 -18 18
22.9295733 0 0 -18 18
22.9444784 0 0 -18 18
22.9717358 0 0 -18 18
22.9856047 0 0 -18 18
22.9994372 0 0 -18 18
23.0125871 0 0 -18 18
23.0300889 0 0 -18 18
23.0437512 0 0 -18 18
23.0558089 0 0 -18 18
23.0788211 0 0 -18 18
23.0903973 0 0 -18 18
23.1036165 0 0 -18 18
23.1177984 0 0 -18 18
23.1388142 0 0 -18 18
23.1502557 0 0 -18 18
23.1696379 0 0 -18 18
23.1830128 0 0 -18 18
23.2121802 0 0 -18 18
23.2238847 0 0 -18 18
23.2373973 0 0 -18 18
23.2598812 0 0 -18 18
23.2731984 0 0 -18 18
23.3000641 0 0 -18 18
23.3125209 0 0 -18 18
23.3393331 0 0 -18 18
23.3532717 0 0 -18 18
23.3655642 0 0 -18 18
23.3776031 0 0 -18 18
23.3909704 0 0 -18 18
23.4043363 0 0 -18 18
23.4169859 0 0 -18 18
23.4300709 0 0 -18 18
23.4405788 0 0 -18 18
23.4596744 0 0 -18 18
23.4786529 0 0 -18 18
23.4936397 0 0 -18 18
23.5066613 0 0 -18 18
23.5204109 0 0 -18 18
23.5398769 0 0 -18 18
23.5519851 0 0 -18 18
23.565023 0 0 -18 18
23.5885979 0 0 -18 18
23.6001091 0 0 -18 18
23.6123503 0 0 -18 18
23.639677 0 0 -18 18
23.6503718 0 0 -18 18
23.669707 0 0 -18 18
23.6897499 0 0 -18 18
23.7077687 0 0 -18 18
23.7204632 0 0 -18 18
23.7388981 0 0 -18 18
23.750494 0 0 -18 18
23.7696923 0 0 -18 18
23.7809409 0 0 -18 18
23.8013589 0 0 -18 18
23.8144165 0 0 -18 18
23.8409187 0 0 -18 18
23.8548799 0 0 -18 18
23.867973 0 0 -18 18
23.8811059 0 0 -18 18
23.9124671 0 0 -18 18
23.9386661 0 0 -18 18
23.9522061 0 0 -18 18
23.9659321 0 0 -18 18
23.9787267 0 0 -18 18
23.9902007 0 0 -18 18
24.0118032 0 0 -18 18
24.0248993 0 0 -18 18
24.0380202 0 0 -18 18
24.0507861 0 0 -18 18
24.0729498 0 0 -18 18
24.0898473 0 0 -18 18
24.1080017 0 0 -18 18
24.1225775 0 0 -18 18
24.1370882 0 0 -18 18
24.1526023 0 0 -18 18
24.1651159 0 0 -18 18
24.1781307 0 0 -18 18
24.1921527 0 0 -18 18
24.2051474 0 0 -18 18
24.2181558 0 0 -18 18
24.2301665 0 0 -18 18
24.2436748 0 0 -18 18
24.258186 0 0 -18 18
24.2701942 0 0 -18 18
24.2822023 0 0 -18 18
24.2967139 0 0 -18 18
24.3092305 0 0 -18 18
24.3237387 0 0 -18 18
24.3367505 0 0 -18 18
24.3492569 0 0 -18 18
24.3617662 0 0 -18 18
24.374294 0 0 -18 18
24.3993853 0 0 -18 18
24.411417 0 0 -18 18
24.4234255 0 0 -18 18
24.4364344 0 0 -18 18
24.4489433 0 0 -18 18
24.4614522 0 0 -18 18
24.4744623 0 0 -18 18
24.4978337 0 0 -18 18
24.5173467 0 0 -18 18
24.5288566 0 0 -18 18
24.5413775 0 0 -18 18
24.5538762 0 0 -18 18
24.5658843 0 0 -18 18
24.5778937 0 0 -18 18
24.5899023 0 0 -18 18
24.6009105 0 0 -18 18
24.6182498 0 0 -84 -42
24.63076 0 0 -84 -42
24.6432706 0 0 -84 -42
24.654284 0 0 -84 -42
24.6657918 0 0 -84 -42
24.6773021 0 0 -84 -42
24.6993315 0 0 -84 -42
24.7113388 0 0 -84 -42
24.722847 0 0 -84 -42
24.748369 0 0 -84 -42
24.7603775 0 0 -84 -42
24.7708863 0 0 -84 -42
24.7893687 0 0 -84 -42
24.8018776 0 0 -84 -42
24.8158876 0 0 -84 -42
24.8278957 0 0 -84 -42
24.8394039 0 0 -84 -42
24.8514146 0 0 -84 -42
24.8629215 0 0 -84 -42
24.8759406 0 0 -84 -42
24.8874702 0 0 -84 -42
24.8994813 0 0 -84 -42
24.9114925 0 0 -84 -42
24.9265032 0 0 -84 -42
24.9385151 0 0 -84 -42
24.9505241 0 0 -84 -42
24.9625322 0 0 -84 -42
24.9745404 0 0 -84 -42
24.9865528 0 0 -84 -42
24.998064 0 0 -84 -42
25.0100764 0 0 -84 -42
25.0215837 0 0 -84 -42
25.0507113 -240.321894011158 137.326796577805 -84 -42
25.0698527 0 0 -84 -42
25.0896797 0 0 -84 -42
25.1054178 -950.434823931865 407.329210256514 -84 -43
25.1190865 0 0 -84 -43
25.1306854 0 0 -84 -43
25.1518504 0 0 -84 -43
25.1679102 0 0 -84 -43
25.1826801 0 0 -84 -43
25.1972495 0 0 -84 -43
25.2188773 -844.577810456832 546.491524413245 -84 -43
25.233938 0 0 -84 -43
25.2486322 0 0 -84 -43
25.2662341 0 0 -84 -43
25.2796599 0 0 -84 -43
25.2952017 0 0 -84 -43
25.3104416 0 0 -84 -43
25.3359923 -846.682697192328 550.343753175013 -84 -42
25.3515294 0 0 -84 -42
25.3674934 0 0 -84 -42
25.3825302 0 0 -84 -42
25.3980639 0 0 -84 -42
25.4135963 0 0 -84 -42
25.4373662 -1012.54170981471 644.344724427545 -84 -42
25.4522067 0 0 -84 -42
25.4672606 0 0 -84 -42
25.4819018 0 0 -84 -42
25.4989203 0 0 -84 -42
25.5134769 0 0 -84 -42
25.5293745 0 0 -84 -42
25.55088 -1148.71344094623 799.105002397377 -84 -41
25.5660652 0 0 -84 -41
25.5947591 0 0 -84 -41
25.6298859 -724.025582237225 452.515988898266 -84 -41
25.6451583 0 0 -84 -41
25.6631656 0 0 -84 -41
25.6774257 0 0 -84 -41
25.6960176 0 0 -84 -41
25.7141677 0 0 -84 -41
25.7391594 -1061.1610800073 679.143091204674 -84 -40
25.7540825 0 0 -84 -40
25.7701892 0 0 -84 -40
25.786349 0 0 -84 -40
25.8007217 0 0 -84 -40
25.8140149 0 0 -84 -40
25.830028 -1722.60540622484 1033.5632437349 -84 -40
25.8598172 0 0 -84 -40
25.8729894 0 0 -84 -40
25.8855355 0 0 -84 -40
25.9099709 0 0 -84 -40
25.9236122 -2061.5450487239 1268.64310690701 -84 -40
25.9488426 0 0 -84 -40
25.9608593 0 0 -84 -40
25.989321 0 0 -84 -40
26.0024504 0 0 -84 -40
26.017784 -1741.22596237541 1044.73557742525 -84 -39
26.0303305 0 0 -84 -39
26.0579241 0 0 -84 -39
26.0739954 0 0 -84 -39
26.0876423 0 0 -84 -39
26.1011156 0 0 -84 -39
26.1154519 -1875.04687617199 1200.03000075008 -84 -38
26.1305519 0 0 -84 -38
26.1507287 0 0 -84 -38
26.1658309 0 0 -84 -38
26.1796091 0 0 -84 -38
26.1942379 0 0 -84 -38
26.2082363 0 0 -84 -38
26.2223306 0 0 -84 -38
26.2364184 -1987.08395429738 1222.82089495223 -84 -38
26.2515565 0 0 -84 -38
26.2651089 0 0 -84 -38
26.2781558 0 0 -84 -38
26.2921658 0 0 -84 -38
26.3058401 0 0 -84 -38
26.3246881 0 0 -84 -38
26.3392989 -2059.33948592808 1220.34932499442 -84 -37
26.3539192 0 0 -84 -37
26.3675391 0 0 -84 -37
26.3813451 0 0 -84 -37
26.3949347 0 0 -84 -37
26.4075356 0 0 -84 -37
26.4373812 -882.363321921436 600.007058906577 -84 -35
26.4507232 0 0 -84 -35
26.4723078 0 0 -84 -35
26.4850861 0 0 -84 -35
26.4993557 0 0 -84 -35
26.520883 -1284.01449509704 808.453570987024 -84 -34
26.5349939 0 0 -84 -34
26.5478578 0 0 -84 -34
26.5622338 0 0 -84 -34
26.576343 0 0 -84 -34
26.6032836 0 0 -84 -34
26.6162646 -2086.68942549227 1252.01365529536 -84 -32
26.6294933 0 0 -84 -32
26.6437949 0 0 -84 -32
26.670357 0 0 -84 -32
26.6837623 0 0 -84 -32
26.704471 -1301.27003955864 728.711222152838 -84 -31
26.7195536 0 0 -84 -31
26.7336089 0 0 -84 -31
26.7467499 0 0 -84 -31
26.7607718 0 0 -84 -31
26.7747314 0 0 -84 -31
26.8033312 -867.321494394962 469.799142797271 -84 -30
26.8167348 0 0 -84 -30
26.8288156 0 0 -84 -30
26.8433439 0 0 -84 -30
26.8563887 0 0 -84 -30
26.8797703 0 0 -84 -30
26.8986906 0 0 -84 -30
26.9114039 0 0 -84 -30
26.926575 0 0 -84 -30
26.9389034 -2197.20785586352 929.58793901918 -84 -30
26.9531734 0 0 -84 -30
26.978624 0 0 -84 -30
26.9917672 0 0 -84 -30
27.004501 0 0 -84 -30
27.0176865 0 0 -84 -30
27.0306196 0 0 -84 -30
27.0474141 -1583.16024114672 696.590506104558 -84 -30
27.0610396 0 0 -84 -30
27.0889201 0 0 -84 -30
27.1061735 0 721.221618290223 -84 -24
27.1193388 -2052.90169759148 0 -84 -30
27.1339839 0 0 -84 -30
27.1481226 0 0 -84 -30
27.1633933 0 0 -84 -30
27.1801539 0 0 -84 -30
27.1964536 0 0 -84 -30
27.2193981 -1048.31358249769 455.788514129429 -84 -30
27.234582 0 0 -84 -30
27.2487443 0 0 -84 -30
27.2632803 0 0 -84 -30
27.2781096 0 0 -84 -30
27.2956422 0 0 -84 -30
27.3112037 0 0 -84 -30
27.3345254 0 0 -84 -30
27.3480577 -1688.43727455548 690.724339590879 -84 -31
27.363201 0 0 -84 -31
27.3779205 0 0 -84 -31
27.3925441 0 0 -84 -31
27.4070669 0 0 -84 -31
27.422081 0 0 -84 -31
27.4371858 0 0 -84 -31
27.4607697 -1124.64088171835 408.960320624855 -84 -33
27.4763906 0 0 -84 -33
27.4926043 0 0 -84 -33
27.5163533 0 0 -84 -33
27.531364 -1426.99154507517 428.09746352255 -84 -37
27.5465278 0 0 -84 -37
27.5620675 0 0 -84 -37
27.5768134 0 0 -84 -37
27.5915171 0 0 -84 -37
27.6057815 0 0 -84 -37
27.6234313 0 0 -84 -37
27.6534779 -896.396891947584 203.726566351724 -84 -46
27.6677539 0 0 -84 -46
27.6854708 0 0 -84 -46
27.7003181 0 0 -84 -46
27.7170279 0 0 -84 -46
27.7525989 -655.487623201837 148.974459818599 -84 -63
27.7666572 0 0 -84 -63
27.7805137 0 0 -84 -63
27.795385 0 0 -84 -63
27.810441 0 0 -84 -63
27.8304544 -1188.39906440575 324.108835747024 -73 -84
27.846438 0 0 -73 -84
27.8608346 0 0 -73 -84
27.8763503 0 0 -73 -84
27.8954468 0 0 -73 -84
27.910097 0 0 -73 -84
27.9252322 0 0 -73 -84
27.9413424 0 0 -73 -84
27.9565707 0 0 -73 -84
27.9705803 0 0 -73 -84
27.9852176 0 0 -73 -84
28.0002283 0 0 -73 -84
28.0203504 -2470.10369065735 698.072782142295 6 -84
28.0348727 0 0 6 -84
28.0483695 0 0 6 -84
28.0638044 0 0 6 -84
28.0793578 0 0 6 -84
28.0953897 0 0 6 -84
28.1195749 0 642.353583530027 9 -84
28.1350872 -1641.43847103591 0 37 -84
28.1488479 0 0 37 -84
28.1640839 0 0 37 -84
28.1786417 0 0 37 -84
28.1941425 0 0 37 -84
28.2087119 0 0 37 -84
28.2242255 0 0 37 -84
28.2437403 -1276.89813683907 943.794275054966 59 -84
28.2595109 0 0 59 -84
28.2754295 0 0 59 -84
28.2905548 0 0 59 -84
28.3056472 0 0 59 -84
28.32849 0 0 59 -84
28.3433882 -1860.8690258349 1550.72418819575 66 -84
28.3584391 0 0 66 -84
28.3731051 0 0 66 -84
28.3876146 0 0 66 -84
28.402724 0 0 66 -84
28.4174097 0 0 66 -84
28.4331025 0 0 66 -84
28.4576307 -622.831212741359 978.734762879279 -52 84
28.4723347 0 0 -52 84
28.4878753 0 0 -52 84
28.5025858 0 0 -52 84
28.524155 -299.223514978652 947.541130765731 -44 84
28.5386469 0 0 -44 84
28.5544052 0 0 -44 84
28.5687517 0 0 -44 84
28.5842944 0 0 -44 84
28.5987201 0 0 -44 84
28.6119983 0 0 -44 84
28.6268345 0 0 -44 84
28.6577425 39.0795973238272 625.273557181235 -42 84
28.6704879 0 0 -42 84
28.6900817 0 0 -42 84
28.7193688 34.884288814004 488.380043396056 -40 84
28.7327433 0 0 -40 84
28.7594128 0 0 -40 84
28.7712481 0 0 -40 84
28.7844092 0 0 -40 84
28.809897 0 0 -40 84
28.8203904 0 0 -40 84
28.8383912 171.419755555412 742.818940740118 -39 84
28.8516674 0 0 -39 84
28.864373 0 0 -39 84
28.8773823 0 0 -39 84
28.8993167 0 0 -39 84
28.911578 0 0 -39 84
28.9277981 318.072227841462 699.758901251217 -40 84
28.9409635 0 0 -40 84
28.9534014 0 0 -40 84
28.9672411 0 0 -40 84
28.9797526 0 0 -40 84
29.000168 0 0 -40 84
29.0152672 -205.494934549873 -273.993246066498 -39 84
29.0277146 0 0 -39 84
29.0406114 0 0 -39 84
29.0697945 0 0 -39 84
29.0878356 0 0 -39 84
29.1000819 0 0 -39 84
29.1106121 0 0 -39 84
29.129674 0 0 -39 84
29.1443015 0 0 -39 84
29.1707447 -163.623273774447 -409.058184436117 -39 84
29.1877192 0 0 -39 84
29.2134554 0 0 -39 84
29.2289165 -68.7016083046386 -755.717691351025 -40 84
29.2432027 0 0 -40 84
29.2703438 0 0 -40 84
29.2850864 0 0 -40 84
29.2971617 0 0 -40 84
29.3103193 0 0 -40 84
29.3430602 0 -416.163802072517 -42 84
29.3703518 0 0 -42 84
29.3904644 0 0 -42 84
29.4041434 0 0 -42 84
29.4228272 0 0 -42 84
29.4364361 0 -1110.65274648563 -45 84
29.4494402 0 0 -45 84
29.4628434 0 0 -45 84
29.4784575 0 0 -45 84
29.4921732 0 0 -45 84
29.5050016 0 0 -45 84
29.5186062 0 -952.056044365844 -48 84
29.5318737 0 0 -48 84
29.5456553 0 0 -48 84
29.5599724 0 0 -48 84
29.5760013 0 0 -48 84
29.5900331 0 0 -48 84
29.6029941 0 0 -48 84
29.6163899 0 0 -48 84
29.6464383 0 -379.912965393352 -50 84
29.6610863 0 0 -50 84
29.6766303 0 0 -50 84
29.6905804 0 0 -50 84
29.7047315 0 0 -50 84
29.7186055 0 0 -50 84
29.7363476 -59.7228858098452 -537.505972288607 -52 84
29.7503918 0 0 -52 84
29.7700272 0 0 -52 84
29.7855382 0 0 -52 84
29.8101061 -42.4226740708348 -381.804066637513 -54 84
29.824545 0 0 -54 84
29.8379794 0 0 -54 84
29.8511999 0 0 -54 84
29.8650799 0 0 -54 84
29.8786686 0 0 -54 84
29.8906798 0 0 -54 84
29.9121874 0 0 -54 84
29.9440066 0 0 -54 84
29.9706307 -79.4688303380179 -238.406491014054 -54 84
29.9858215 0 0 -54 84
29.9988325 0 0 -54 84
30.0258731 -78.3244826667948 -274.135689333782 68 -84
30.0399412 0 0 68 -84
30.0505325 0 0 68 -84
30.0706935 0 0 68 -84
30.0867344 0 0 68 -84
30.0999994 0 0 68 -84
30.1208784 -253.439169530522 -304.127003436627 69 -84
30.134432 0 0 69 -84
30.1489779 0 0 69 -84
30.1620727 0 0 69 -84
30.1748202 0 0 69 -84
30.1891321 0 0 69 -84
30.2021102 0 0 69 -84
30.2153944 0 0 69 -84
30.2502727 -88.9605845303485 -177.921169060697 69 -84
30.2698738 0 0 69 -84
30.293524 0 0 69 -84
30.313395 0 0 69 -84
30.350746 109.993757854249 27.4984394635623 69 -84
30.3658208 0 0 69 -84
30.3797897 0 0 69 -84
30.3943322 0 0 69 -84
30.4109876 0 0 69 -84
30.4262194 0 0 69 -84
30.4422907 0 0 69 -84
30.473988 0 0 69 -84
30.494548 0 0 69 -84
30.5322351 0 265.008596216348 -54 84
30.5715101 476.77319898923 264.873999438461 68 -84
30.5871875 0 0 68 -84
30.6044216 0 0 68 -84
30.6197979 563.18197817668 703.97747272085 67 -84
30.6352816 0 0 67 -84
30.6504107 0 0 67 -84
30.6644896 0 0 67 -84
30.679011 0 0 67 -84
30.6955155 0 0 67 -84
30.7100639 0 0 67 -84
30.7279207 0 0 67 -84
30.7437435 651.286652965561 723.651836628401 66 -84
30.7587028 0 0 66 -84
30.7760943 0 0 66 -84
30.7903951 0 0 66 -84
30.8042981 0 0 66 -84
30.8213552 0 0 66 -84
30.838085 590.30715649052 787.076208654027 65 -84
30.8527882 0 0 65 -84
30.8671596 0 0 65 -84
30.8812059 0 0 65 -84
30.896717 0 0 65 -84
30.9137291 0 0 65 -84
30.9307416 599.332742879581 865.702850826061 -64 84
30.9488618 0 0 -64 84
30.9629903 0 0 -64 84
30.9784893 0 0 -64 84
30.9943241 0 0 -64 84
31.01651 0 0 -64 84
31.0300209 768.710411413934 922.452493696721 -65 84
31.0440292 0 0 -65 84
31.0571381 0 0 -65 84
31.0687104 0 0 -65 84
31.0816551 0 0 -65 84
31.0951122 0 0 -65 84
31.1102229 0 0 -65 84
31.1288105 454.829723122473 682.244584683709 -65 84
31.1416017 0 0 -65 84
31.1547119 0 0 -65 84
31.180003 0 0 -65 84
31.194456 0 0 -65 84
31.2200593 0 0 -65 84
31.2404597 0 0 -65 84
31.2533548 645.280979536471 1129.24171418882 62 -84
31.279671 0 0 62 -84
31.2934231 0 0 62 -84
31.3079929 0 0 62 -84
31.3265514 0 0 62 -84
31.370623 192.415926266221 336.727870965887 61 -84
31.384665 0 0 61 -84
31.4007602 0 0 61 -84
31.4155687 0 0 61 -84
31.431223 0 0 61 -84
31.4587729 -117.337380169206 -39.1124600564021 62 -84
31.4747813 0 0 62 -84
31.4888474 0 0 62 -84
31.5009876 0 0 62 -84
31.5281099 0 0 62 -84
31.5421494 -399.673866125202 -719.412959025363 62 -84
31.5730458 0 0 62 -84
31.5935617 0 0 62 -84
31.6100102 0 0 62 -84
31.6365329 -291.40197653798 -499.546245493679 -65 84
31.6516326 0 0 -65 84
31.6658341 0 0 -65 84
31.6808889 0 0 -65 84
31.6959462 0 0 -65 84
31.7239867 0 -716.684413137802 61 -84
31.7386852 -365.022120340419 0 -65 84
31.7538177 0 0 -65 84
31.768639 0 0 -65 84
31.7836599 0 0 -65 84
31.7978192 0 0 -65 84
31.8294558 65.2784124290103 -97.9176186435155 62 -84
31.8480426 0 0 62 -84
31.8634322 0 0 62 -84
31.8793277 0 0 62 -84
31.8936336 0 0 62 -84
31.9082337 0 0 62 -84
31.9236161 0 0 62 -84
31.956634 192.688127842152 224.802815815844 61 -84
31.9718034 0 0 61 -84
31.986897 0 0 61 -84
32.0013689 0 0 61 -84
32.014787 0 0 61 -84
32.0348034 388.474516071796 665.956313265935 60 -84
32.0524848 0 0 60 -84
32.0675861 0 0 60 -84
32.0850918 0 0 60 -84
32.1003809 0 0 60 -84
32.1175914 0 0 60 -84
32.1336045 413.009808982969 963.689554293594 61 -84
32.1463854 0 0 61 -84
32.1585458 0 0 61 -84
32.1730626 0 0 61 -84
32.1863271 0 0 61 -84
32.1984798 0 0 61 -84
32.2125176 0 0 61 -84
32.2266794 0 226.406550696233 61 -84
32.2400688 0 0 61 -84
32.2533941 0 0 61 -84
32.2782157 0 0 61 -84
32.2906955 0 0 61 -84
32.3027135 0 0 61 -84
32.3182168 -275.772680579334 -206.829510434501 62 -84
32.3313048 0 0 62 -84
32.3439839 0 0 62 -84
32.3585468 0 0 62 -84
32.370853 0 0 62 -84
32.3890245 0 0 62 -84
32.4030362 0 0 62 -84
32.4167494 0 0 62 -84
32.429754 0 0 62 -84
32.4498213 0 0 62 -84
32.4609621 0 0 62 -84
32.4801912 0 0 62 -84
32.498349 0 0 62 -84
32.5108451 0 0 62 -84
32.5387 219.325500975962 182.771250813302 61 -84
32.5509779 0 0 61 -84
32.5637772 0 0 61 -84
32.58944 0 0 61 -84
32.6007309 0 0 61 -84
32.6297849 245.166713365108 350.238161950154 60 -84
32.6449201 0 0 60 -84
32.6580375 0 0 60 -84
32.6701171 0 0 60 -84
32.6892525 0 0 60 -84
32.7124626 0 0 60 -84
32.7259778 460.98173744028 845.13318530718 60 -84
32.7380984 0 0 60 -84
32.7511701 0 0 60 -84
32.7783438 0 0 60 -84
32.7996987 0 0 60 -84
32.8134427 376.9687191358 829.33118209876 60 -84
32.8271054 0 0 60 -84
32.839117 0 0 60 -84
32.8517811 0 0 60 -84
32.8798781 0 0 60 -84
32.8989382 0 0 60 -84
32.9134195 297.139291471347 817.133051546204 61 -84
32.9267525 0 0 61 -84
32.9485355 0 0 61 -84
32.9608913 0 0 61 -84
32.9797877 0 0 61 -84
32.9928795 0 0 61 -84
33.0060667 0 0 61 -84
33.0181834 0 0 61 -84
33.0307488 165.76875259014 745.95938665563 62 -84
33.0439578 0 0 62 -84
33.0566296 0 0 62 -84
33.068976 0 0 62 -84
33.0800625 0 0 62 -84
33.1002034 0 0 62 -84
33.1183804 0 0 62 -84
33.1422436 182.69261510779 365.385230215579 62 -84
33.1579009 0 0 62 -84
33.1739192 0 0 62 -84
33.1894965 0 0 62 -84
33.206852 0 0 62 -84
33.2227197 0 0 62 -84
33.2379062 0 0 62 -84
33.2587262 212.518396123676 478.166391278272 62 -84
33.2743138 0 0 62 -84
33.2993662 0 0 62 -84
33.3178837 228.386109556899 456.772219113798 84 -84
33.340389 0 0 84 -84
33.3540547 0 0 84 -84
33.3693815 0 0 84 -84
33.3895044 0 0 84 -84
33.4099215 0 693.664072363063 83 -83
33.4233644 158.418351181742 0 80 -80
33.4374941 0 0 80 -80
33.4511393 0 0 80 -80
33.4663219 0 0 80 -80
33.4829821 0 0 80 -80
33.4957861 0 0 80 -80
33.5092863 0 0 80 -80
33.5311801 0 575.096041038803 69 -69
33.5458345 146.498681511862 0 67 -67
33.560347 0 0 67 -67
33.5748672 0 0 67 -67
33.5884739 0 0 67 -67
33.6031224 0 0 67 -67
33.6171845 0 0 67 -67
33.6337369 257.22810988793 578.763247247842 53 -53
33.6478782 0 0 53 -53
33.6618757 0 0 53 -53
33.6762527 0 0 53 -53
33.6905919 0 0 53 -53
33.7057382 0 0 53 -53
33.7194261 315.278390819043 788.195977047608 37 -37
33.7359383 0 0 37 -37
33.7500792 0 0 37 -37
33.7635892 0 0 37 -37
33.7780987 0 0 37 -37
33.7925684 0 0 37 -37
33.8136967 305.690427304255 560.4324500578 19 -19
33.8274544 0 0 19 -19
33.8410282 0 0 19 -19
33.854693 0 0 19 -19
33.8702229 0 0 19 -19
33.8809207 0 0 19 -19
33.9111157 0 365.529733813148 0 0
33.924828 629.386033923873 0 0 0
33.9399568 0 0 0 0
33.9531016 0 0 0 0
33.9694957 0 0 0 0
33.98351 0 0 0 0
33.9981418 0 0 0 0
34.0103873 0 0 0 0
34.0389007 333.339506287125 296.301783366334 -18 18
34.0522329 0 0 -18 18
34.0678945 0 0 -18 18
34.0821187 0 0 -18 18
34.0981104 0 0 -18 18
34.1109936 0 0 -18 18
34.1410859 348.62519653746 209.175117922476 -36 36
34.1553649 0 0 -36 36
34.1692346 0 0 -36 36
34.1805765 0 0 -36 36
34.1986928 0 0 -36 36
34.2103331 773.175949073253 343.633755143668 -50 50
34.2287394 0 0 -50 50
34.2422794 0 0 -50 50
34.2544971 0 0 -50 50
34.2691019 0 0 -50 50
34.280667 0 0 -50 50
34.2957234 0 0 -50 50
34.3104574 0 67.870232116207 -51 51
34.3278446 355.30499973346 0 52 -84
34.3408941 0 0 52 -84
34.359941 0 0 52 -84
34.3730721 0 0 52 -84
34.3857038 0 0 52 -84
34.3982478 0 0 52 -84
34.4201895 0 0 52 -84
34.450148 -171.218803933908 -205.462564720689 53 -84
34.4623866 0 0 53 -84
34.4760733 0 0 53 -84
34.4882542 0 0 53 -84
34.5103451 0 0 53 -84
34.544212 -29.9682037358327 59.9364074716653 55 -84
34.5570947 0 0 55 -84
34.5707664 0 0 55 -84
34.5902581 0 0 55 -84
34.6185355 109.983979000386 329.951937001157 -60 60
34.6399554 0 0 -60 60
34.6602562 0 0 -60 60
34.6887594 0 0 -60 60
34.7065336 123.027711992093 676.652415956514 -74 74
34.7191559 0 0 -74 74
34.7321728 0 0 -74 74
34.744373 0 0 -74 74
34.7565894 0 0 -74 74
34.7695644 0 0 -74 74
34.780343 0 0 -74 74
34.8035331 45.1406130095186 451.406130095186 -84 84
34.8175602 0 0 -84 84
34.8325713 0 0 -84 84
34.8480819 0 0 -84 84
34.8631756 0 0 -84 84
34.8784766 0 0 -84 84
34.8941788 0 0 -84 84
34.9104486 0 0 -84 84
34.927849 -442.388391728606 -63.1983416755152 -78 78
34.941114 0 0 -78 78
34.9526774 0 0 -78 78
34.966051 0 0 -78 78
34.978376 0 0 -78 78
34.9919164 0 0 -78 78
35.0062523 0 0 -78 78
35.019365 -792.870508388453 -396.435254194227 -61 61
35.0329097 0 0 -61 61
35.0469954 0 0 -61 61
35.0606444 0 0 -61 61
35.0730682 0 0 -61 61
35.1005053 0 0 -61 61
35.1236397 -647.135500929207 -369.79171481669 -37 37
35.140007 0 0 -37 37
35.1553581 0 0 -37 37
35.1703692 0 0 -37 37
35.1848795 0 0 -37 37
35.1993039 0 0 -37 37
35.2149103 0 0 -37 37
35.2301083 0 0 -37 37
35.2456532 0 0 -37 37
35.2720497 0 -515.59680329993 -26 26
35.2878016 -1052.63896588726 0 0 0
35.3008023 0 0 0 0
35.3264979 -733.72321370785 -431.601890416382 20 -20
35.3403262 0 0 20 -20
35.3600928 0 0 20 -20
35.3890288 0 0 20 -20
35.4030298 0 0 20 -20
35.4174995 0 0 20 -20
35.4305066 -1279.30405859243 -719.608532958241 47 -47
35.4451654 0 0 47 -47
35.4607705 0 0 47 -47
35.4738645 0 0 47 -47
35.4865406 0 0 47 -47
35.5021231 0 0 47 -47
35.5349935 -446.612286304027 -191.405265558869 69 -69
35.5497454 0 0 69 -69
35.5643272 0 0 69 -69
35.5904599 0 0 69 -69
35.6067318 0 0 69 -69
35.6197402 -719.539494723558 -79.948832747062 80 -80
35.6307617 0 0 80 -80
35.6500425 0 0 80 -80
35.6628705 0 0 80 -80
35.6758468 0 0 80 -80
35.7001034 0 0 80 -80
35.7193616 0 0 80 -80
35.7403154 -195.578938104156 0 -35 84
35.758424 0 0 -35 84
35.7706691 0 0 -35 84
35.7823688 0 0 -35 84
35.8093774 0 0 -35 84
35.8203771 0 0 -35 84
35.8379918 113.541530653402 113.541530653402 -36 84
35.8608217 0 0 -36 84
35.8903342 0 0 -36 84
35.9006685 0 0 -36 84
35.92069 99.8926154384108 0 -39 84
35.9387114 0 0 -39 84
35.9518605 0 0 -39 84
35.9644511 0 0 -39 84
35.9889511 0 0 -39 84
36.0032638 0 0 -39 84
36.016891 237.618116005234 158.412077336823 -41 84
36.029867 0 0 -41 84
36.0483053 0 0 -41 84
36.0616148 0 0 -41 84
36.0899251 0 0 -41 84
36.1140953 0 135.330205701909 -40 84
36.1273633 469.560725940764 0 63 -63
36.1393561 0 0 63 -63
36.1519125 0 0 63 -63
36.1644483 0 0 63 -63
36.1774571 0 0 63 -63
36.1994356 0 0 63 -63
36.2194944 0 0 63 -63
36.2306497 627.504414941453 448.217439243895 49 -49
36.2500247 0 0 49 -49
36.2627333 0 0 49 -49
36.2878721 0 0 49 -49
36.3005906 0 0 49 -49
36.3130123 0 0 49 -49
36.3262358 628.817116401905 471.612837301429 34 -34
36.3389102 0 0 34 -34
36.3600744 0 0 34 -34
36.373289 0 0 34 -34
36.3849618 0 0 34 -34
36.4099014 0 0 34 -34
36.4340451 382.462805492174 212.479336384541 19 -19
36.4596445 0 0 19 -19
36.472546 0 0 19 -19
36.4850733 0 0 19 -19
36.5102613 0 0 19 -19
36.5283802 226.994143551028 113.497071775514 0 0
36.549594 0 0 0 0
36.5626243 0 0 0 0
36.5894977 0 0 0 0
36.6011611 0 0 0 0
36.6335483 31.8547423747684 0 0 0
36.6461654 0 0 0 0
36.6611885 0 0 0 0
36.6728323 0 0 0 0
36.6844521 0 0 0 0
36.7084906 0 0 0 0
36.7215854 -80.4130011740385 -80.4130011740385 0 0
36.7351065 0 0 0 0
36.7477634 0 0 0 0
36.7633929 0 0 0 0
36.7793864 0 0 0 0
36.7969459 0 0 0 0
36.8163537 -57.427368735388 0 0 0
36.8310069 0 0 0 0
36.8477419 0 0 0 0
36.8623634 0 0 0 0
36.8788684 0 0 0 0
36.8943824 0 0 0 0
36.9133968 0 0 0 0
36.9320498 0 0 0 0
36.9480634 0 0 0 0
36.967227 0 0 0 0
36.9804792 0 0 0 0
36.9940196 0 0 0 0
37.0078132 0 0 0 0
37.0210419 0 0 0 0
37.0395593 0 0 0 0
37.0581713 0 0 0 0
37.0796871 0 0 0 0
37.0938339 0 0 0 0
37.1244454 0 0 0 0
37.139525 0 0 0 0
37.1526993 0 0 0 0
37.1672097 0 0 0 0
37.1807184 0 0 0 0
37.1957304 0 0 0 0
37.2112393 0 0 0 0
37.2243581 0 0 0 0
37.2392063 0 0 0 0
37.2592338 0 0 0 0
37.274318 0 0 0 0
37.2885196 0 0 0 0
37.3038793 0 0 0 0
37.3181715 0 0 0 0
37.3322657 0 0 0 0
37.3472833 0 0 0 0
37.370738 0 0 0 0
37.385658 0 0 0 0
37.4083443 0 0 0 0
37.4306692 0 0 0 0
37.4458548 0 0 0 0
37.4600067 0 0 0 0
37.4740193 0 0 0 0
37.4876217 0 0 0 0
37.5022039 0 0 0 0
37.5369273 0 0 0 0
37.5518628 0 0 0 0
37.5663774 0 0 0 0
37.5799268 0 0 0 0
37.5964937 0 0 0 0
37.6356528 0 0 0 0
37.6497355 0 0 0 0
37.66634 0 0 0 0
37.6803551 0 0 0 0
37.7009271 0 0 0 0
37.7161683 0 0 0 0
37.7301744 0 0 0 0
37.7456974 0 0 0 0
37.7593401 0 0 0 0
37.7729365 0 0 0 0
37.7854877 0 0 0 0
37.799576 0 0 0 0
37.8103713 0 0 0 0
37.8300755 0 0 0 0
37.8407617 0 0 0 0
37.8598407 0 0 0 0
37.8734649 0 0 0 0
37.8992564 0 0 0 0
37.9129439 0 0 0 0
37.9276659 0 0 0 0
37.9412679 0 0 0 0
37.9700201 0 0 0 0
37.9835806 0 0 0 0
37.9964171 0 0 0 0
38.0196319 0 0 0 0
38.0328285 0 0 0 0
38.0458732 0 0 0 0
38.0624282 0 0 0 0
38.0789622 0 0 0 0
38.095202 0 0 0 0
38.113237 0 0 0 0
38.1291069 0 0 0 0
38.146941 0 0 0 0
38.165901 0 0 0 0
38.1914235 0 0 0 0
38.2060549 0 0 0 0
38.2206045 0 0 0 0
38.2405923 0 0 0 0
38.2550697 0 0 0 0
38.2675812 0 0 0 0
38.2822061 0 0 0 0
38.2987209 0 0 0 0
38.3145741 0 0 0 0
38.3290882 0 0 0 0
38.3427719 0 0 0 0
38.3565557 0 0 0 0
38.3705199 0 0 0 0
38.3828518 0 0 0 0
38.3974558 0 0 0 0
38.4117959 0 0 0 0
38.4243078 0 0 0 0
38.4570131 0 0 0 0
38.4706459 0 0 0 0
38.4848877 0 0 0 0
38.4985628 0 0 0 0
38.5116401 0 0 0 0
38.5297034 0 0 0 0
38.5417765 0 0 0 0
38.5534263 0 0 0 0
38.566028 0 0 0 0
38.5771521 0 0 0 0
38.600213 0 0 0 0
38.6103895 0 0 0 0
38.6275693 0 0 0 0
38.6393961 0 0 0 0
38.6509252 0 0 0 0
38.6694585 0 0 0 0
38.6815077 0 0 0 0
38.7083623 0 0 0 0
38.7198641 0 0 0 0
38.73104 0 0 0 0
38.7440693 0 0 0 0
38.7677195 0 0 0 0
38.780142 0 0 0 0
38.793277 0 0 0 0
38.8079798 0 0 0 0
38.8214976 0 0 0 0
38.8484826 0 0 0 0
38.8684567 0 0 0 0
38.8800068 0 0 0 0
38.8906511 0 0 0 0
38.9101462 0 0 0 0
38.9282416 0 0 0 0
38.9483538 0 0 0 0
38.9609315 0 0 0 0
38.9734477 0 0 0 0
38.9856607 0 0 0 0
38.9999012 0 0 0 0
39.011533 0 0 0 0
39.023134 0 0 0 0
39.0350737 0 0 0 0
39.0499749 0 0 0 0
39.0637069 0 0 0 0
39.0793343 0 0 0 0
39.0986724 0 0 0 0
39.1122397 0 0 0 0
39.1249197 0 0 0 0
39.1378755 0 0 0 0
39.1505294 0 0 0 0
39.1800047 0 0 0 0
39.1949068 0 0 0 0
39.2082013 0 0 0 0
39.2203557 0 0 0 0
39.2377403 0 0 0 0
39.2500118 0 0 0 0
39.2626315 0 0 0 0
39.2752264 0 0 0 0
39.287734 0 0 0 0
39.3007428 0 0 0 0
39.3140031 0 0 0 0
