0.0080108 0 0 0
0.0190131 0 0 0
0.0300209 0 0 0
0.0410288 0 0 0
0.0520383 0 0 0
0.0625492 0 0 0
0.0730576 0 0 0
0.0840667 0 0 0
0.0950745 0 0 0
0.1060828 0 0 0
0.1170915 0 0 0
0.1280963 0 0 0
0.139123 0 0 0
0.1501137 0 0 0
0.1606246 0 0 0
0.1711488 0 0 0
0.1811756 0 0 0
0.1921835 0 0 0
0.2031909 0 0 0
0.2141991 0 0 0
0.2251907 0 0 0
0.2352137 0 0 0
0.2462031 0 0 0
0.2572105 0 0 0
0.2692204 0 0 0
0.2802654 0 0 0
0.2912741 0 0 0
0.302282 0 0 0
0.313286 0 0 0
0.3242938 0 0 0
0.3352871 0 0 0
0.3462958 0 0 0
0.3573041 0 0 0
0.3678154 0 0 0
0.3783584 0 0 0
0.3893662 0 0 0
0.4003749 0 0 0
0.4113648 0 0 0
0.4223898 0 0 0
0.4333993 0 0 0
0.4443871 0 0 0
0.4554137 0 0 0
0.4659242 0 0 0
0.4764347 0 0 0
0.4874592 0 0 0
0.498467 0 0 0
0.5094744 0 0 0
0.5204827 0 0 0
0.5314901 0 0 0
0.542498 0 0 0
0.5534896 0 0 0
0.564015 0 0 0
0.5745242 0 0 0
0.5855338 0 0 0
0.5965395 0 0 0
0.6066693 0 0 0
0.6167911 0 0 0
0.6280119 0 0 0
0.6391258 0 0 0
0.6492137 0 0 0
0.6595048 0 0 0
0.6699554 0 0 0
0.6802226 0 0 0
0.6907403 0 0 0
0.7014193 0 0 0
0.7116873 0 0 0
0.7224531 0 0 0
0.7327249 0 0 0
0.743495 0 0 0
0.7535663 0 0 0
0.7638167 0 0 0
0.7746065 0 0 0
0.7851726 0 0 0
0.795352 0 0 0
0.8056025 0 0 0
0.8158504 0 0 0
0.8268411 0 0 0
0.8378952 0 0 0
0.8481063 0 0 0
0.8585586 0 0 0
0.8692709 0 0 0
0.8795026 0 0 0
0.8905609 0 0 0
0.9015704 0 0 0
0.9117093 0 0 0
0.9218866 0 0 0
0.932155 0 0 0
0.9422541 0 0 0
0.9523977 0 0 0
0.9626935 0 0 0
0.9729431 0 0 0
0.9831593 0 0 0
0.993391 0 0 0
1.0043997 0 0 0
1.0147665 0 0 0
1.0253834 0 0 0
1.0355655 0 0 0
1.0459836 0 0 0
1.05606 0 0 0
1.0666876 0 0 0
1.0775877 0 0 0
1.0884685 0 0 0
1.0991638 0 0 0
1.1099373 0 0 0
1.1201368 0 0 0
1.1303834 0 0 0
1.1405608 0 0 0
1.1506782 0 0 0
1.1607756 0 0 0
1.1712159 0 0 0
1.1814861 0 0 0
1.1917502 0 0 0
1.2029574 0 0 0
1.2133336 0 0 0
1.2235956 0 0 0
1.2336921 0 0 0
1.2439956 0 0 0
1.2546356 0 0 0
1.2651205 0 0 0
1.2753051 0 0 0
1.2855833 0 0 0
1.2961716 0 0 0
1.3070828 0 0 0
1.317205 0 0 0
1.32752 0 0 0
1.3378244 0 0 0
1.3484871 0 0 0
1.3590399 0 0 0
1.3691437 0 0 0
1.3796508 0 0 0
1.390343 0 0 0
1.4006024 0 0 0
1.4108097 0 0 0
1.4217312 0 0 0
1.4320992 0 0 0
1.4422907 0 0 0
1.4526579 0 0 0
1.4628934 0 0 0
1.4730019 0 0 0
1.4840598 0 0 0
1.4944022 0 0 0
1.5049045 0 0 0
1.5158311 0 0 0
1.5259558 0 0 0
1.5366618 0 0 0
1.5470324 0 0 0
1.5571563 0 0 0
1.5675983 0 0 0
1.5785446 0 0 0
1.5886432 0 0 0
1.5995784 0 0 0
1.609757 0 0 0
1.6204766 0 0 0
1.6314353 0 0 0
1.6421621 0 0 0
1.65317 0 0 0
1.6634341 0 0 0
1.6736033 0 0 0
1.6843341 0 0 0
1.6949549 0 0 0
1.7051959 0 0 0
1.7158505 0 0 0
1.7259432 0 0 0
1.736984 0 0 0
1.7473995 0 0 0
1.7596022 0 0 0
1.7696495 0.00294317627546833 0 0
1.7802498 0.00588635255093666 0 0
1.7911986 0.008829528826405 0 0
1.8019597 0.0117727051018733 0 0
1.8128115 0.0147158813773417 0 0
1.8231231 0.01765905765281 0 0
1.8334078 0.0206022339282783 0 0
1.8439833 0.0235454102037467 0 0
1.8547247 0.026488586479215 0 0
1.9901322 0.0294317627546833 0 0
2.0005478 0.0323749390301517 0 0
2.0107508 0.03531811530562 0 0
2.0213994 0.0382612915810883 0 0
2.0316631 0.0412044678565567 0 0
2.0425867 0.044147644132025 0 0
2.0527987 0.0470908204074933 0 0
2.0631223 0.0500339966829617 0 0
2.1903638 0.05297717295843 0 0
2.2015294 0.0559203492338983 0 0
2.2117388 0.0588635255093667 0 0
2.222748 0.061806701784835 0 0
2.2336656 0.0647498780603033 0 0
2.2446726 0.0676930543357717 0 0
2.2552887 0.07063623061124 0 0
2.2658411 0.0735794068867083 0 0
2.3909584 0.0765225831621767 0 0
2.4021206 0.079465759437645 0 0
2.4130211 0.0824089357131133 0 0
2.4233289 0.0853521119885817 0 0
2.4345009 0.08829528826405 0 0
2.444721 0.0912384645395183 0 0
2.4552863 0.0941816408149867 0 0
2.4657476 0.097124817090455 0 0
2.591169 0.100067993365923 0 0
2.6021781 0.103011169641392 0 0
2.6132069 0.10595434591686 0 0
2.6241874 0.108897522192328 0 0
2.6351961 0.111840698467797 0 0
2.6462864 0.114783874743265 0 0
2.6564881 0.117727051018733 0 0
2.6672043 0.120670227294202 0 0
2.7919919 0.12361340356967 0 0
2.8030849 0.126556579845138 0 0
2.8142518 0.129499756120607 0 0
2.8253717 0.132442932396075 0 0
2.8363214 0.135386108671543 0 0
2.8473143 0.138329284947012 0 0
2.8583161 0.14127246122248 0 0
2.9928744 0.144215637497948 0 0
3.0039647 0.147158813773417 0 0
3.0145881 0.150101990048885 0 0
3.0254882 0.153045166324353 0 0
3.036517 0.155988342599822 0 0
3.0476087 0.15893151887529 0 0
3.0579468 0.161874695150758 0 0
3.0684201 0.164817871426227 0 0
3.1935939 0.167761047701695 0 0
3.2045166 0.170704223977163 0 0
3.215521 0.173647400252632 0 0
3.2265361 0.1765905765281 0 0
3.2376462 0.179533752803568 0 0
3.2478064 0.182476929079037 0 0
3.2580543 0.185420105354505 0 0
3.2683219 0.188363281629973 0 0
3.3943176 0.191306457905442 0 0
3.4054619 0.19424963418091 0 0
3.4160241 0.197192810456378 0 0
3.4262472 0.200135986731847 0 0
3.436661 0.203079163007315 0 0
3.4475603 0.206022339282783 0 0
3.458563 0.208965515558252 0 0
3.4693027 0.21190869183372 0 0
3.5954558 0.214851868109188 0 0
3.6063559 0.217795044384657 0 0
3.617344 0.220738220660125 0 0
3.6284648 0.223681396935593 0 0
3.639562 0.226624573211062 0 0
3.6506862 0.22956774948653 0 0
3.661747 0.232510925761998 0 0
3.6721998 0.235454102037467 0 0
3.7961368 0.238397278312935 0 0
3.8073191 0.241340454588403 0 0
3.8183257 0.244283630863872 0 0
3.8294306 0.24722680713934 0 0
3.839817 0.250169983414808 0 0
3.8508292 0.253113159690277 0 0
3.8617271 0.256056335965745 0 0
3.9963127 0.258999512241213 0 0
4.0066949 0.261942688516682 0 0
4.0168816 0.26488586479215 0 0
4.0277757 0.267829041067618 0 0
4.0387827 0.270772217343087 0 0
4.0498175 0.273715393618555 0 0
4.0607993 0.276658569894023 0 0
4.0710762 0.279601746169491 0 0
4.196655 0.28254492244496 0 0
4.2068388 0.285488098720428 0 0
4.2178171 0.288431274995896 0 0
4.2285816 0.291374451271365 0 0
4.2395728 0.294317627546833 0 0
4.2505862 0.297260803822301 0 0
4.2607669 0.30020398009777 0 0
4.2713202 0.303147156373238 0 0
4.3970709 0.306090332648706 0 0
4.4073692 0.309033508924175 0 0
4.4182736 0.311976685199643 0 0
4.4292776 0.314919861475111 0 0
4.4403945 0.317863037750579 0 0
4.4515862 0.320806214026048 0 0
4.4619431 0.323749390301516 0 0
4.4722163 0.326692566576984 0 0
4.5980363 0.329635742852453 0 0
4.6089308 0.332578919127921 0 0
4.6199638 0.335522095403389 0 0
4.630246 0.338465271678858 0 0
4.64044 0.341408447954326 0 0
4.6515192 0.344351624229794 0 0
4.6625232 0.347294800505263 0 0
4.672825 0.350237976780731 0 0
4.7986557 0.353181153056199 0 0
4.809578 0.356124329331667 0 0
4.8202168 0.359067505607136 0 0
4.8312195 0.362010681882604 0 0
4.841387 0.364953858158072 0 0
4.8519411 0.367897034433541 0 0
4.8628313 0.370840210709009 0 0
4.9991712 0.373783386984477 0 0
5.0102479 0.376726563259946 0 0
5.0212501 0.379669739535414 0 0
5.0322563 0.382612915810882 0 0
5.0434561 0.385556092086351 0 0
5.0539119 0.388499268361819 0 0
5.0650809 0.391442444637287 0 0
5.0753571 0.394385620912755 0 0
5.2002567 0.397328797188224 0 0
5.2114745 0.400271973463692 0 0
5.2223212 0.40321514973916 0 0
5.233465 0.406158326014629 0 0
5.2436611 0.409101502290097 0 0
5.254592 0.412044678565565 0 0
5.2656221 0.414987854841034 0 0
5.2760449 0.417931031116502 0 0
5.4013226 0.42087420739197 0 0
5.4124831 0.423817383667438 0 0
5.4227584 0.426760559942907 0 0
5.433741 0.429703736218375 0 0
5.4438995 0.432646912493843 0 0
5.4542826 0.435590088769312 0 0
5.465216 0.43853326504478 0 0
5.4753925 0.441476441320248 0 0
5.6017628 0.444419617595717 0 0
5.6127703 0.447362793871185 0 0
5.6237768 0.450305970146653 0 0
5.6348988 0.453249146422122 0 0
5.6458391 0.45619232269759 0 0
5.6568012 0.459135498973058 0 0
5.6678351 0.462078675248526 0 0
5.6783751 0.465021851523995 0 0
5.8026872 0.467965027799463 0 0
5.8129505 0.470908204074931 0 0
5.8239399 0.4738513803504 0 0
5.8349473 0.476794556625868 0 0
5.8453295 0.479737732901336 0 0
5.8562488 0.482680909176805 0 0
5.8672336 0.485624085452273 0 0
6.003065 0.488567261727741 0 0
6.0141412 0.49151043800321 0 0
6.0252752 0.494453614278678 0 0
6.0366209 0.497396790554146 0 0
6.0475967 0.500339966829614 0 0
6.057789 0.503283143105083 0 0
6.0680155 0.506226319380551 0 0
6.0784109 0.50916949565602 0 0
6.2037194 0.512112671931488 0 0
6.2141457 0.515055848206956 0 0
6.2243286 0.517999024482425 0 0
6.2352278 0.520942200757893 0 0
6.2462626 0.523885377033361 0 0
6.2564399 0.52682855330883 0 0
6.2674482 0.529771729584298 0 0
6.2778547 0.532714905859766 0 0
6.4042734 0.535658082135235 0 0
6.4154613 0.538601258410703 0 0
6.4257272 0.541544434686172 0 0
6.4360405 0.54448761096164 0 0
6.4464167 0.547430787237108 0 0
6.4570187 0.550373963512577 0 0
6.4672054 0.553317139788045 0 0
6.4777001 0.556260316063513 0 0
6.6054026 0.559203492338982 0 0
6.6164113 0.56214666861445 0 0
6.6274452 0.565089844889918 0 0
6.6380643 0.568033021165387 0 0
6.6489623 0.570976197440855 0 0
6.6595369 0.573919373716324 0 0
6.6697643 0.576862549991792 0 0
6.6805536 0.57980572626726 0 0
6.8065959 0.582748902542729 0 0
6.8176786 0.585692078818197 0 0
6.8281626 0.588635255093665 0 0
6.8391944 0.591578431369134 0 0
6.8502031 0.594521607644602 0 0
6.8612105 0.59746478392007 0 0
6.8717364 0.600407960195539 0 0
7.0077332 0.603351136471007 0 0
7.0180423 0.606294312746475 0 0
7.0282769 0.609237489021944 0 0
7.0387968 0.612180665297412 0 0
7.0497726 0.615123841572881 0 0
7.0600624 0.618067017848349 0 0
7.0702295 0.621010194123817 0 0
7.0804543 0.623953370399286 0 0
7.2149415 0.626896546674754 0 0
7.2259434 0.629839722950222 0 0
7.2369508 0.632782899225691 0 0
7.2479578 0.635726075501159 0 0
7.2589661 0.638669251776627 0 0
7.2699739 0.641612428052096 0 0
7.2805066 0.644555604327564 0 0
7.2909829 0.647498780603033 0 0
7.4094327 0.650441956878501 0 0
7.4204491 0.653385133153969 0 0
7.4316014 0.656328309429438 0 0
7.4417942 0.659271485704906 0 0
7.4528991 0.662214661980374 0 0
7.4639266 0.665157838255843 0 0
7.4742335 0.668101014531311 0 0
7.4847556 0.671044190806779 0 0
7.6101624 0.673987367082248 0 0
7.621175 0.676930543357716 0 0
7.6321768 0.679873719633185 0 0
7.643203 0.682816895908653 0 0
7.653294 0.685760072184121 0 0
7.6636834 0.68870324845959 0 0
7.6742978 0.691646424735058 0 0
7.8108071 0.694589601010526 0 0
7.8217914 0.697532777285995 0 0
7.8328232 0.700475953561463 0 0
7.8438071 0.703419129836931 0 0
7.8539374 0.7063623061124 0 0
7.8649443 0.709305482387868 0 0
7.8754899 0.712248658663337 0 0
7.8857502 0.715191834938805 0 0
8.0111814 0.718135011214273 0 0
8.022271 0.721078187489742 0 0
8.0326352 0.72402136376521 0 0
8.0435686 0.726964540040678 0 0
8.0540222 0.729907716316147 0 0
8.065054 0.732850892591615 0 0
8.0755726 0.735794068867083 0 0
8.086184 0.738737245142552 0 0
8.211416 0.74168042141802 0 0
8.2224234 0.744623597693489 0 0
8.233447 0.747566773968957 0 0
8.2444557 0.750509950244425 0 0
8.2554627 0.753453126519894 0 0
8.2664505 0.756396302795362 0 0
8.2769618 0.75933947907083 0 0
8.2874693 0.762282655346299 0 0
8.4115859 0.765225831621767 0 0
8.4225916 0.768169007897235 0 0
8.4335995 0.771112184172704 0 0
8.4446077 0.774055360448172 0 0
8.4556173 0.776998536723641 0 0
8.4666251 0.779941712999109 0 0
8.4771326 0.782884889274577 0 0
8.6117683 0.785828065550046 0 0
8.6227782 0.788771241825514 0 0
8.6338015 0.791714418100982 0 0
8.6448059 0.794657594376451 0 0
8.6553378 0.797600770651919 0 0
8.6658448 0.800543946927387 0 0
8.6763976 0.803487123202856 0 0
8.686885 0.806430299478324 0 0
8.8120216 0.809373475753792 0 0
8.823029 0.812316652029261 0 0
8.8340369 0.815259828304729 0 0
8.8450267 0.818203004580198 0 0
8.8560371 0.821146180855666 0 0
8.8670604 0.824089357131134 0 0
8.8775914 0.827032533406603 0 0
8.8880796 0.829975709682071 0 0
9.0121774 0.832918885957539 0 0
9.0231827 0.835862062233008 0 0
9.0341906 0.838805238508476 0 0
9.0451988 0.841748414783944 0 0
9.0562084 0.844691591059413 0 0
9.0672145 0.847634767334881 0 0
9.0777233 0.85057794361035 0 0
9.2123542 0.853521119885818 0 0
9.2233625 0.856464296161286 0 0
9.2343703 0.859407472436755 0 0
9.2453966 0.862350648712223 0 0
9.2563856 0.865293824987691 0 0
9.2673934 0.86823700126316 0 0
9.2779125 0.871180177538628 0 0
9.28842 0.874123353814096 0 0
9.4132456 0.877066530089565 0 0
9.4237044 0.880009706365033 0 0
9.4342024 0.882952882640502 0 0
9.4472814 0.88589605891597 0 0
9.4583021 0.888839235191438 0 0
9.4684918 0.891782411466907 0 0
9.4787158 0.894725587742375 0 0
9.4893451 0.897668764017843 0 0
9.6134536 0.900611940293312 0 0
9.6244628 0.90355511656878 0 0
9.6354715 0.906498292844248 0 0
9.6466003 0.909441469119717 0 0
9.6569346 0.912384645395185 0 0
9.6672796 0.915327821670654 0 0
9.6777341 0.918270997946122 0 0
9.6880867 0.92121417422159 0 0
9.8138053 0.924157350497059 0 0
9.8247473 0.927100526772527 0 0
9.8358202 0.930043703047995 0 0
9.8461006 0.932986879323464 0 0
9.8570263 0.932986879323464 0 0
9.8680371 0.932986879323464 0 0
9.8785562 0.932986879323464 0 0
9.8890821 0.932986879323464 0 0
10.0140754 0.932986879323464 0 0
10.0245418 0.932986879323464 0 0
10.035651 0.932986879323464 0 0
10.0458416 0.932986879323464 0 0
10.0568426 0.932986879323464 0 0
10.06785 0.932986879323464 0 0
10.0780992 0.932986879323464 0 0
10.2146084 0.932986879323464 0 0
10.2256158 0.932986879323464 0 0
10.2357641 0.932986879323464 0 0
10.2468237 0.932986879323464 0 0
10.2579068 0.932986879323464 0 0
10.2689467 0.932986879323464 0 0
10.2794674 0.932986879323464 0 0
10.2898954 0.932986879323464 0 0
10.4154109 0.932986879323464 0 0
10.4264191 0.932986879323464 0 0
10.4375416 0.932986879323464 0 0
10.4485182 0.932986879323464 0 0
10.4595598 0.932986879323464 0 0
10.470566 0.932986879323464 0 0
10.4808113 0.932986879323464 0 0
10.49106 0.932986879323464 0 0
10.6157484 0.932986879323464 0 0
10.6267349 0.932986879323464 0 0
10.6369182 0.932986879323464 0 0
10.648074 0.932986879323464 0 0
10.6589951 0.932986879323464 0 0
10.6700542 0.932986879323464 0 0
10.6805053 0.932986879323464 0 0
10.6909918 0.932986879323464 0 0
10.8162058 0.932986879323464 0 0
10.8272132 0.932986879323464 0 0
10.8379798 0.932986879323464 0 0
10.8483971 0.932986879323464 0 0
10.8592959 0.932986879323464 0 0
10.8702977 0.932986879323464 0 0
10.8808407 0.932986879323464 0 0
11.0167016 0.932986879323464 0 0
11.0277809 0.932986879323464 0 0
11.0380899 0.932986879323464 0 0
11.0489831 0.932986879323464 0 0
11.0599974 0.932986879323464 0 0
11.0710822 0.932986879323464 0 0
11.0815478 0.932986879323464 0 0
11.0920998 0.932986879323464 0 0
11.2173924 0.932986879323464 0 0
11.2284328 0.932986879323464 0 0
11.2388975 0.932986879323464 0 0
11.2491501 0.932986879323464 0 0
11.2593984 0.932986879323464 0 0
11.2697011 0.932986879323464 0 0
11.2802141 0.932986879323464 0 0
11.2903739 0.932986879323464 0 0
11.4180632 0.932986879323464 0 0
11.4284791 0.932986879323464 0 0
11.4390285 0.932986879323464 0 0
11.4500672 0.932986879323464 0 0
11.4612461 0.932986879323464 0 0
11.4722535 0.932986879323464 0 0
11.4827948 0.932986879323464 0 0
11.618512 0.932986879323464 0 0
11.6296344 0.932986879323464 0 0
11.6407269 0.932986879323464 0 0
11.6517061 0.932986879323464 0 0
11.6627597 0.932986879323464 0 0
11.6729443 0.932986879323464 0 0
11.6831379 0.932986879323464 0 0
11.6933362 0.932986879323464 0 0
11.8194893 0.932986879323464 0 0
11.8307063 0.932986879323464 0 0
11.8417231 0.932986879323464 0 0
11.8518799 0.932986879323464 0 0
11.8629087 0.932986879323464 0 0
11.8739165 0.932986879323464 0 0
11.8841251 0.932986879323464 0 0
11.8946275 0.932986879323464 0 0
12.0203863 0.932986879323464 0 0
12.030724 0.932986879323464 0 0
12.0409385 0.932986879323464 0 0
12.0519421 0.932986879323464 0 0
12.0622152 0.932986879323464 0 0
12.0725251 0.932986879323464 0 0
12.0830365 0.932986879323464 0 0
12.0935696 0.932986879323464 0 0
