0.0014912 0 0 0 0 0 7.03932088193522
0.0128356 0 0 0 0 0 7.03932088193522
0.0234384 0 0 0 0 0 7.03932088193522
0.0340194 0 0 0 0 0 7.03932088193522
0.0448972 0 0 0 0 0 7.03932088193522
0.0563947 0 0 0 0 0 7.03932088193522
0.0678982 0 0 0 0 0 7.03932088193522
0.0789885 0 0 0 0 0 7.03932088193522
0.0902102 0 0 0 0 0 7.03932088193522
0.101348 0 0 0 0 0 7.03932088193522
0.1128566 0 0 0 0 0 7.03932088193522
0.1243644 0 0 0 0 0 7.03932088193522
0.1357733 0 0 0 0 0 7.03932088193522
0.1471224 0 0 0 0 0 7.03932088193522
0.1581306 0 0 0 0 0 7.03932088193522
0.1696461 0 0 0 0 0 7.03932088193522
0.1821486 0 0 0 0 0 7.03932088193522
0.1973705 0 0 0 0 0 7.03932088193522
0.2103848 0 0 0 0 0 7.03932088193522
0.2449175 0 0 0 0 0 7.03932088193522
0.2563992 0 0 0 0 0 7.03932088193522
0.2684081 0 0 0 0 0 7.03932088193522
0.2805 0 0 0 0 0 7.03932088193522
0.2919813 0 0 0 0 0 7.03932088193522
0.3033021 0 0 0 0 0 7.03932088193522
0.3151571 0 0 0 0 0 7.03932088193522
0.3263056 0 0 0 0 0 7.03932088193522
0.3378001 0 0 0 0 0 7.03932088193522
0.348932 0 0 0 0 0 7.03932088193522
0.3604397 0 0 0 0 0 7.03932088193522
0.3719479 0 0 0 0 0 7.03932088193522
0.383956 0 0 0 0 0 7.03932088193522
0.3954637 0 0 0 0 0 7.03932088193522
0.4064716 0 0 0 0 0 7.03932088193522
0.4184801 0 0 0 0 0 7.03932088193522
0.4547199 0 0 0 0 0 7.03932088193522
0.4657277 0 0 0 0 0 7.03932088193522
0.4767552 0 0 0 0 0 7.03932088193522
0.4873863 0 0 0 0 0 7.03932088193522
0.4981298 0 0 0 0 0 7.03932088193522
0.5091445 0 0 0 0 0 7.03932088193522
0.5200454 0 0 0 0 0 7.03932088193522
0.5310528 0 0 0 0 0 7.03932088193522
0.5419605 0 0 0 0 0 7.03932088193522
0.5529247 0 0 0 0 0 7.03932088193522
0.5640856 0 0 0 0 0 7.03932088193522
0.5750935 0 0 0 0 0 7.03932088193522
0.5866021 0 0 0 0 0 7.03932088193522
0.5976099 0 0 0 0 0 7.03932088193522
0.6086211 0 0 0 0 0 7.03932088193522
0.6197876 0 0 0 0 0 7.03932088193522
0.6305174 0 0 0 0 0 7.03932088193522
0.6415086 0 0 0 0 0 7.03932088193522
0.6525134 0 0 0 0 0 7.03932088193522
0.663407 0 0 0 0 0 7.03932088193522
0.6743777 0 0 0 0 0 7.03932088193522
0.685264 0 0 0 0 0 7.03932088193522
0.6963907 0 0 0 0 0 7.03932088193522
0.7074285 0 0 0 0 0 7.03932088193522
0.7186732 0 0 0 0 0 7.03932088193522
0.7293629 0 0 0 0 0 7.03932088193522
0.7402792 0 0 0 0 0 7.03932088193522
0.7508893 0 0 0 0 0 7.03932088193522
0.7628944 0 0 0 0 0 7.03932088193522
0.774406 0 0 0 0 0 7.03932088193522
0.7859107 0 0 0 0 0 7.03932088193522
0.7974458 0 0 0 0 0 7.03932088193522
0.8089544 0 0 0 0 0 7.03932088193522
0.8214411 0 0 0 0 0 7.03932088193522
0.8544573 0 0 0 0 0 7.03932088193522
0.8679754 0 0 0 0 0 7.03932088193522
0.8804779 0 0 0 0 0 7.03932088193522
0.892013 0 0 0 0 0 7.03932088193522
0.9034934 0 0 0 0 0 7.03932088193522
0.9144139 0 0 0 0 0 7.03932088193522
0.9274219 0 0 0 0 0 7.03932088193522
0.9384353 0 0 0 0 0 7.03932088193522
0.9494388 0 0 0 0 0 7.03932088193522
0.9604454 0 0 0 0 0 7.03932088193522
0.9719548 0 0 0 0 0 7.03932088193522
0.9829665 0 0 0 0 0 7.03932088193522
0.9949814 0 0 0 0 0 7.03932088193522
1.005979 0 0 0 0 0 7.03932088193522
1.0167978 0 0 0 0 0 7.03932088193522
1.0278056 0 0 0 0 0 7.03932088193522
1.0388344 0 0 0 0 0 7.03932088193522
1.0498285 0 0 0 0 0 7.03932088193522
1.0613341 0 0 0 0 0 7.03932088193522
1.0720374 0 0 0 0 0 7.03932088193522
1.082905 0 0 0 0 0 7.03932088193522
1.0945389 0 0 0 0 0 7.03932088193522
1.1053359 0 0 0 0 0 7.03932088193522
1.1163993 0 0 0 0 0 7.03932088193522
1.1278142 0 0 0 0 0 7.03932088193522
1.1391719 0 0 0 0 0 7.03932088193522
1.1506185 0 0 0 0 0 7.03932088193522
1.1621224 0 0 0 0 0 7.03932088193522
1.1736314 0 0 0 0 0 7.03932088193522
1.1851417 0 0 0 0 0 7.03932088193522
1.196673 0 0 0 0 0 7.03932088193522
1.2094607 0 0 0 0 0 7.03932088193522
1.2234698 0 0 0 0 0 7.03932088193522
1.2375062 0 0 0 0 0 7.03932088193522
1.2489883 0 0 0 0 0 7.03932088193522
1.2602788 0 0 0 0 0 7.03932088193522
1.2714603 0 0 0 0 0 7.03932088193522
1.2854749 0 0 0 0 0 7.03932088193522
1.2969827 0 0 0 0 0 7.03932088193522
1.3079948 0 0 0 0 0 7.03932088193522
1.3194995 0 0 0 0 0 7.03932088193522
1.3305129 0 0 0 0 0 7.03932088193522
1.3424569 0 0 0 0 0 7.03932088193522
1.3533821 0 0 0 0 0 7.03932088193522
1.3647958 0 0 0 0 0 7.03932088193522
1.3760675 0 0 0 0 0 7.03932088193522
1.3875757 0 0 0 0 0 7.03932088193522
1.3987866 0 0 0 0 0 7.03932088193522
1.4102948 0 0 0 0 0 7.03932088193522
1.4243035 0 0 0 0 0 7.03932088193522
1.4381496 0 0 0 0 0 7.03932088193522
1.4496672 0 0 0 0 0 7.03932088193522
1.4611698 0 0 0 0 0 7.03932088193522
1.4721746 0 0 0 0 0 7.03932088193522
1.4846895 0 0 0 0 0 7.03932088193522
1.4961917 0 0 0 0 0 7.03932088193522
1.5077007 0 0 0 0 0 7.03932088193522
1.5192093 0 0 0 0 0 7.03932088193522
1.5308415 0 0 0 0 0 7.03932088193522
1.5417518 0 0 0 0 0 7.03932088193522
1.5530197 0 0 0 0 0 7.03932088193522
1.5640578 0 0 0 0 0 7.03932088193522
1.575628 0 0 0 0 0 7.03932088193522
1.5911142 0 0 0 0 0 7.03932088193522
1.6026314 0 0 0 0 0 7.03932088193522
1.6141332 0 0 0 0 0 7.03932088193522
1.6264102 0 0 0 0 0 7.03932088193522
1.6418879 0 0 0 0 0 7.03932088193522
1.6527272 0 0 0 0 0 7.03932088193522
1.663357 0 0 0 0 0 7.03932088193522
1.8015 0 0 0.0121618854358196 -0.326964227986108 -1.38782943149408 7.08637730627631
1.8125638 0 0 0.0121618854358196 0 0 7.22839674230819
1.8235918 0 0 0.0121618854358196 0 0 7.22839674230819
1.8346564 0 0 0.0121618854358196 0 0 7.22839674230819
1.8451635 0 0 0.0121618854358196 0 0 7.22839674230819
1.9349905 0 0 0.0243237708716391 -0.376407969322925 -1.45752287250929 7.1424062670761
1.9457353 0 0 0.0243237708716391 0 0 7.29931662330287
1.9561654 0 0 0.0243237708716391 0 0 7.29931662330287
1.9669915 0 0 0.0243237708716391 0 0 7.29931662330287
1.978084 0 0 0.0243237708716391 0 0 7.29931662330287
2.1026515 0 0 0.0364856563074587 -0.968082474624173 -1.41656216500749 7.06488419271611
2.1132201 0 0 0.0364856563074587 0 0 7.27024213499765
2.2903934 0 0 0.0486475417432782 -1.05867998601478 -1.34671704392276 6.84004108610231
2.3011733 0 0 0.0486475417432782 0 0 7.05128443397002
2.3890716 0 0 0.0608094271790978 -1.22211195483141 -1.2986997549197 6.71133087411667
2.3997407 0 0 0.0608094271790978 0 0 6.94421635502826
2.4995766 0 0 0.0729713126149173 -1.3326383297535 -1.24371838382335 6.33356334003731
2.6102176 0 0 0.0851331980507369 -1.43809447773335 -1.19093653807461 6.31731135134645
2.6210051 0 0 0.0851331980507369 0 0 6.58747814223766
2.7116977 0 0 0.0972950834865565 -1.40603912697807 -1.16938812214272 6.17456464195432
2.8381512 0 0 0.109456968922376 -1.54465413485393 -1.2261666678135 6.11952681871506
2.9277692 0 0 0.121618854358196 -1.56877568865947 -1.2032647427299 5.94973198858707
2.9383463 0 0 0.121618854358196 0 0 6.26962629974403
3.1269645 0 0 0.133780739794015 -1.50672226403527 -1.24799798631243 5.81299417533018
3.2772627 0 0 0.145942625229835 -1.930221263437 -1.13480036400003 5.91102919535545
3.2878142 0 0 0.145942625229835 0 0 6.32090121266765
3.4565169 0 0 0.158104510665654 -1.98870250168992 -1.1054471217337 5.89033822829247
3.6022837 0 0 0.170266396101474 -1.36605673194064 -1.2359079447758 5.8057372731841
3.7400692 0 0 0.182428281537293 -1.0500538761692 -1.22552372253841 5.67097486083861
3.7507969 0 0 0.182428281537293 0 0 5.89614089126319
3.9211157 0 0 0.194590166973113 -0.246398612285224 -1.41535031035546 5.35206478331395
3.932106 0 0 0.194590166973113 0 0 5.54152742679749
4.0791545 0 0 0.206752052408932 0.321267622258505 -1.49423462136282 4.93391208127421
4.0901597 0 0 0.206752052408932 0 0 5.16521426608176
4.1008485 0 0 0.206752052408932 0 0 5.16521426608176
4.1113568 0 0 0.206752052408932 0 0 5.16521426608176
4.121863 0 0 0.206752052408932 0 0 5.16521426608176
4.1325471 0 0 0.206752052408932 0 0 5.16521426608176
4.1432953 0 0 0.206752052408932 0 0 5.16521426608176
4.3033137 0 0 0.218913937844752 0.710092665497056 -1.56436307019964 4.55964001772389
4.4573782 0 0 0.206752052408932 0.557095690827751 -1.47404552690175 4.60932532046645
4.468546 0 0 0.206752052408932 0 0 4.87124683566857
4.5945915 0 0 0.194590166973113 0.511541533343708 -1.37004238931777 4.66648226734498
4.8778162 0 0 0.182428281537293 0.551368683862177 -1.40135678127712 4.57406393570534
5.0238318 0 0 0.170266396101474 0.780759009777918 -1.47636050368658 4.43800860224832
5.1313005 0 0 0.145942625229835 0.95021889086558 -1.55013356235924 4.28872544006353
5.2712875 0 0 0.133780739794015 0.986124434285121 -1.55269660168202 4.20229141835042
5.4613276 0 0 0.121618854358196 0.90319865816959 -1.59589712904895 4.38358883357904
5.5659665 0 0 0.0972950834865564 0.937974084092845 -1.57005382005584 4.31622187159075
5.694128 0 0 0.0851331980507369 0.626860889103102 -1.40160379009138 4.49514589783896
5.7817086 0 0 0.0729713126149173 0.566006412740766 -1.44525229275344 4.50702829296962
5.8873494 0 0 0.0486475417432782 0.601284662243063 -1.53211423365781 4.42394231344353
5.9791112 0 0 0.0364856563074587 0.754474252223346 -1.57358317090684 4.35046452772057
6.1069935 0 0 0.0243237708716391 0.756012144899099 -1.56506618236652 4.27946436038272
6.1946369 0 0 0.0121618854358196 0.793294919712285 -1.56760137653196 4.1508869399026
6.2055575 0 0 0.0121618854358196 0 0 4.50738874440625
6.2163493 0 0 0.0121618854358196 0 0 4.50738874440625
6.2270698 0 0 0.0121618854358196 0 0 4.50738874440625
6.2376358 0 0 0.0121618854358196 0 0 4.50738874440625
6.2481018 0 0 0.0121618854358196 0 0 4.50738874440625
6.2585601 0 0 0.0121618854358196 0 0 4.50738874440625
6.2689606 0 0 0.0121618854358196 0 0 4.50738874440625
6.2794664 0 0 0.0121618854358196 0 0 4.50738874440625
6.2901757 0 0 0.0121618854358196 0 0 4.50738874440625
6.3006118 0 0 0.0121618854358196 0 0 4.50738874440625
6.311803 0 0 0.0121618854358196 0 0 4.50738874440625
6.3225222 0 0 0.0121618854358196 0 0 4.50738874440625
6.3331212 0 0 0.0121618854358196 0 0 4.50738874440625
6.3446529 0 0 0.0121618854358196 0 0 4.50738874440625
6.3571224 0 0 0.0121618854358196 0 0 4.50738874440625
6.3701312 0 0 0.0121618854358196 0 0 4.50738874440625
6.3821397 0 0 0.0121618854358196 0 0 4.50738874440625
6.3936475 0 0 0.0121618854358196 0 0 4.50738874440625
6.4046557 0 0 0.0121618854358196 0 0 4.50738874440625
6.4161635 0 0 0.0121618854358196 0 0 4.50738874440625
6.4273287 0 0 0.0121618854358196 0 0 4.50738874440625
6.4383408 0 0 0.0121618854358196 0 0 4.50738874440625
6.4491202 0 0 0.0121618854358196 0 0 4.50738874440625
6.4606241 0 0 0.0121618854358196 0 0 4.50738874440625
6.4721314 0 0 0.0121618854358196 0 0 4.50738874440625
6.4831393 0 0 0.0121618854358196 0 0 4.50738874440625
6.4942613 0 0 0.0121618854358196 0 0 4.50738874440625
6.5054568 0 0 0.0121618854358196 0 0 4.50738874440625
6.516173 0 0 0.0121618854358196 0 0 4.50738874440625
6.5276735 0 0 0.0121618854358196 0 0 4.50738874440625
6.5386826 0 0 0.0121618854358196 0 0 4.50738874440625
6.5501997 0 0 0.0121618854358196 0 0 4.50738874440625
6.5616998 0 0 0.0121618854358196 0 0 4.50738874440625
6.5727311 0 0 0.0121618854358196 0 0 4.50738874440625
6.5837252 0 0 0.0121618854358196 0 0 4.50738874440625
6.5967358 0 0 0.0121618854358196 0 0 4.50738874440625
6.6142362 0 0 0.0121618854358196 0 0 4.50738874440625
6.6484237 0 0 0.0121618854358196 0 0 4.50738874440625
6.659893 0 0 0.0121618854358196 0 0 4.50738874440625
6.671402 0 0 0.0121618854358196 0 0 4.50738874440625
6.6824099 0 0 0.0121618854358196 0 0 4.50738874440625
6.6939163 0 0 0.0121618854358196 0 0 4.50738874440625
6.7045277 0 0 0.0121618854358196 0 0 4.50738874440625
6.7153683 0 0 0.0121618854358196 0 0 4.50738874440625
6.7259228 0 0 0.0121618854358196 0 0 4.50738874440625
6.7365368 0 0 0.0121618854358196 0 0 4.50738874440625
6.7473654 0 0 0.0121618854358196 0 0 4.50738874440625
6.7583741 0 0 0.0121618854358196 0 0 4.50738874440625
6.768867 0 0 0.0121618854358196 0 0 4.50738874440625
6.7823749 0 0 0.0121618854358196 0 0 4.50738874440625
6.7933138 0 0 0.0121618854358196 0 0 4.50738874440625
6.8045055 0 0 0.0121618854358196 0 0 4.50738874440625
6.815226 0 0 0.0121618854358196 0 0 4.50738874440625
6.8260221 0 0 0.0121618854358196 0 0 4.50738874440625
6.8368353 0 0 0.0121618854358196 0 0 4.50738874440625
6.8474921 0 0 0.0121618854358196 0 0 4.50738874440625
6.85826 0 0 0.0121618854358196 0 0 4.50738874440625
6.8692725 0 0 0.0121618854358196 0 0 4.50738874440625
6.8802794 0 0 0.0121618854358196 0 0 4.50738874440625
6.8911987 0 0 0.0121618854358196 0 0 4.50738874440625
6.9021484 0 0 0.0121618854358196 0 0 4.50738874440625
6.9131524 0 0 0.0121618854358196 0 0 4.50738874440625
6.9241777 0 0 0.0121618854358196 0 0 4.50738874440625
6.9347412 0 0 0.0121618854358196 0 0 4.50738874440625
6.9453158 0 0 0.0121618854358196 0 0 4.50738874440625
6.9561312 0 0 0.0121618854358196 0 0 4.50738874440625
6.9669372 0 0 0.0121618854358196 0 0 4.50738874440625
6.977995 0 0 0.0121618854358196 0 0 4.50738874440625
6.9886397 0 0 0.0121618854358196 0 0 4.50738874440625
6.9999991 0 0 0.0121618854358196 0 0 4.50738874440625
7.011438 0 0 0.0121618854358196 0 0 4.50738874440625
7.0229496 0 0 0.0121618854358196 0 0 4.50738874440625
7.0349534 0 0 0.0121618854358196 0 0 4.50738874440625
7.0479678 0 0 0.0121618854358196 0 0 4.50738874440625
7.0594772 0 0 0.0121618854358196 0 0 4.50738874440625
7.0709799 0 0 0.0121618854358196 0 0 4.50738874440625
7.104345 0 0 0.0121618854358196 0 0 4.50738874440625
7.115854 0 0 0.0121618854358196 0 0 4.50738874440625
7.126861 0 0 0.0121618854358196 0 0 4.50738874440625
7.1383683 0 0 0.0121618854358196 0 0 4.50738874440625
7.1498769 0 0 0.0121618854358196 0 0 4.50738874440625
7.1613855 0 0 0.0121618854358196 0 0 4.50738874440625
