0.0040738 -3 2 -0.8 7.87147292997961
0.0148114 -3 2 -0.8 7.87147292997961
0.0252572 -3 2 -0.8 7.87147292997961
0.0359443 -3 2 -0.8 7.87147292997961
0.0469637 -3 2 -0.8 7.87147292997961
0.0592339 -3 2 -0.8 7.87147292997961
0.0703273 -3 2 -0.8 7.87147292997961
0.0819539 -3 2 -0.8 7.87147292997961
0.0936024 -3 2 -0.8 7.87147292997961
0.1047671 -3 2 -0.8 7.87147292997961
0.1165246 -3 2 -0.8 7.87147292997961
0.1285071 -3 2 -0.8 7.87147292997961
0.1402329 -3 2 -0.8 7.87147292997961
0.1519515 -3 2 -0.8 7.87147292997961
0.1629615 -3 2 -0.8 7.87147292997961
0.1752531 -3 2 -0.8 7.87147292997961
0.1862186 -3 2 -0.8 7.87147292997961
0.1978781 -3 2 -0.8 7.87147292997961
0.2092721 -3 2 -0.8 7.87147292997961
0.2214607 -3 2 -0.8 7.87147292997961
0.2325887 -3 2 -0.8 7.87147292997961
0.243889 -3 2 -0.8 7.87147292997961
0.2550482 -3 2 -0.8 7.87147292997961
0.2663597 -3 2 -0.8 7.87147292997961
0.2775185 -3 2 -0.8 7.87147292997961
0.2895249 -3 2 -0.8 7.87147292997961
0.3010223 -3 2 -0.8 7.87147292997961
0.3123462 -3 2 -0.8 7.87147292997961
0.3234562 -3 2 -0.8 7.87147292997961
0.3356495 -3 2 -0.8 7.87147292997961
0.3465654 -3 2 -0.8 7.87147292997961
0.3590837 -3 2 -0.8 7.87147292997961
0.3701432 -3 2 -0.8 7.87147292997961
0.3815471 -3 2 -0.8 7.87147292997961
0.392622 -3 2 -0.8 7.87147292997961
0.4037791 -3 2 -0.8 7.87147292997961
0.4147287 -3 2 -0.8 7.87147292997961
0.4266248 -3 2 -0.8 7.87147292997961
0.437722 -3 2 -0.8 7.87147292997961
0.449556 -3 2 -0.8 7.87147292997961
0.4615325 -3 2 -0.8 7.87147292997961
0.4728119 -3 2 -0.8 7.87147292997961
0.4846066 -3 2 -0.8 7.87147292997961
0.4958731 -3 2 -0.8 7.87147292997961
0.5068613 -3 2 -0.8 7.87147292997961
0.5187381 -3 2 -0.8 7.87147292997961
0.5297378 -3 2 -0.8 7.87147292997961
0.5417514 -3 2 -0.8 7.87147292997961
0.552761 -3 2 -0.8 7.87147292997961
0.5651266 -3 2 -0.8 7.87147292997961
0.5773669 -3 2 -0.8 7.87147292997961
0.5885069 -3 2 -0.8 7.87147292997961
0.5996554 -3 2 -0.8 7.87147292997961
0.6109313 -3 2 -0.8 7.87147292997961
0.6219849 -3 2 -0.8 7.87147292997961
0.6340255 -3 2 -0.8 7.87147292997961
0.6454875 -3 2 -0.8 7.87147292997961
0.6567314 -3 2 -0.8 7.87147292997961
0.6677965 -3 2 -0.8 7.87147292997961
0.679805 -3 2 -0.8 7.87147292997961
0.6910789 -3 2 -0.8 7.87147292997961
0.7025387 -3 2 -0.8 7.87147292997961
0.7133951 -3 2 -0.8 7.87147292997961
0.7257017 -3 2 -0.8 7.87147292997961
0.7366955 -3 2 -0.8 7.87147292997961
0.7483448 -3 2 -0.8 7.87147292997961
0.7597409 -3 2 -0.8 7.87147292997961
0.7710528 -3 2 -0.8 7.87147292997961
0.7829159 -3 2 -0.8 7.87147292997961
0.7943201 -3 2 -0.8 7.87147292997961
0.8053378 -3 2 -0.8 7.87147292997961
0.8166741 -3 2 -0.8 7.87147292997961
0.8278388 -3 2 -0.8 7.87147292997961
0.8390583 -3 2 -0.8 7.87147292997961
0.8504681 -3 2 -0.8 7.87147292997961
0.8618703 -3 2 -0.8 7.87147292997961
0.8728114 -3 2 -0.8 7.87147292997961
0.8847168 -3 2 -0.8 7.87147292997961
1.1354338 -2.99897152973316 1.99894746945064 -0.79391905728209 8.1969017417745
1.2943077 -2.99278153555072 1.9926510775221 -0.79391905728209 8.24924472773436
1.4046203 -2.98452820997413 1.98425588828406 -0.79391905728209 8.36036979434221
1.5067997 -2.97833821579169 1.97795949635553 -0.79391905728209 8.3823596469699
1.6228911 -2.97008489021511 1.96956430711749 -0.79391905728209 8.36163801749274
1.7090331 -2.96389489603267 1.96326791518896 -0.79391905728209 8.10553312521939
1.7938519 -2.95564157045608 1.95487272595091 -0.79391905728209 7.84334504335921
1.8797937 -2.94945157627364 1.94857633402238 -0.79391905728209 7.6885232466824
1.9649777 -2.94119825069705 1.94018114478434 -0.79391905728209 7.47352047313999
2.0512402 -2.93500825651461 1.93388475285581 -0.79391905728209 7.18935466100024
2.1381148 -2.92675493093803 1.92548956361777 -0.79391905728209 7.11032628693788
2.2633246 -2.92056493675559 1.91919317168923 -0.79391905728209 7.01402242193836
2.4157538 -2.912311611179 1.91079798245119 -0.79391905728209 6.74679712512022
2.5267446 -2.90612161699656 1.90450159052266 -0.79391905728209 6.54930128802753
2.6159114 -2.89786829141998 1.89610640128462 -0.79391905728209 6.31662207778836
2.708419 -2.89167829723754 1.88981000935609 -0.79391905728209 6.36675395831995
2.8069205 -2.88342497166095 1.88141482011804 -0.79391905728209 6.25278791702947
2.9034874 -2.87723497747851 1.87511842818951 -0.79391905728209 6.15233376501079
3.0029508 -2.86898165190192 1.86672323895147 -0.79391905728209 6.04749232290589
3.0990024 -2.86279165771948 1.86042684702294 -0.79391905728209 5.87656092933941
3.1932385 -2.8545383321429 1.8520316577849 -0.79391905728209 5.87108485777213
3.2943484 -2.84834833796046 1.84573526585636 -0.79391905728209 5.98965600923199
3.3845364 -2.84009501238387 1.83734007661832 -0.79391905728209 6.02480755629458
3.4835841 -2.83390501820143 1.83104368468979 -0.79391905728209 6.13248239881516
3.5756037 -2.82565169262484 1.82264849545175 -0.79391905728209 6.07747648228196
3.6677396 -2.8194616984424 1.81635210352322 -0.79391905728209 6.11214378902414
3.7619574 -2.81120837286582 1.80795691428517 -0.79391905728209 5.94214905890256
3.8510344 -2.80501837868338 1.80166052235664 -0.79391905728209 5.80373068150102
3.9482538 -2.79676505310679 1.7932653331186 -0.79391905728209 5.75463549943028
4.0389388 -2.79057505892435 1.78696894119007 -0.79391905728209 5.76642596776653
4.1865932 -2.78232173334776 1.77857375195203 -0.79391905728209 5.6816247263253
4.2924102 -2.77613173916532 1.77227736002349 -0.79391905728209 5.78960080063427
4.3844085 -2.76787841358874 1.76388217078545 -0.79391905728209 5.89346222079873
4.4771243 -2.7616884194063 1.75758577885692 -0.79391905728209 6.00545665804316
4.5663625 -2.75343509382971 1.74919058961888 -0.79391905728209 5.87895323271421
4.6606521 -2.74724509964727 1.74289419769035 -0.79391905728209 5.86875481239679
4.7895882 -2.73899177407069 1.7344990084523 -0.79391905728209 5.68953298455595
4.8847793 -2.73280177988825 1.72820261652377 -0.79391905728209 5.67748070673662
4.9820274 -2.72454845431166 1.71980742728573 -0.79391905728209 5.53443938338341
5.0731673 -2.71835846012922 1.7135110353572 -0.79391905728209 5.53319659686669
5.1667787 -2.71010513455263 1.70511584611916 -0.79391905728209 5.62788347140156
5.2604743 -2.70391514037019 1.69881945419062 -0.79391905728209 5.71893678291424
5.3566956 -2.69566181479361 1.69042426495258 -0.79391905728209 5.78681104910485
5.4807868 -2.68947182061117 1.68412787302405 -0.79391905728209 5.79504108206133
5.5749554 -2.68121849503458 1.67573268378601 -0.79391905728209 5.72821543518019
5.6720855 -2.67502850085214 1.66943629185748 -0.79391905728209 5.69755368430832
5.7693434 -2.66677517527555 1.66104110261943 -0.79391905728209 5.49232671203444
5.8619336 -2.66058518109311 1.6547447106909 -0.79391905728209 5.29000842040247
5.955222 -2.65233185551653 1.64634952145286 -0.79391905728209 5.16398243247464
6.0463953 -2.64614186133409 1.64005312952433 -0.79391905728209 5.05968976769772
6.1370892 -2.6378885357575 1.63165794028629 -0.79391905728209 5.04847335076606
6.2283695 -2.63169854157506 1.62536154835775 -0.79391905728209 5.14431277852386
6.3344469 -2.62344521599847 1.61696635911971 -0.79391905728209 5.31480708445158
6.4275139 -2.61725522181604 1.61066996719118 -0.79391905728209 5.27274362451503
6.5247701 -2.60900189623945 1.60227477795314 -0.79391905728209 5.29294319730215
6.6172487 -2.60281190205701 1.59597838602461 -0.79391905728209 5.14850724076321
6.7096087 -2.59455857648042 1.58758319678656 -0.79391905728209 5.14030774793916
6.79939 -2.58836858229798 1.58128680485803 -0.79391905728209 5.14855405171943
6.9075305 -2.5801152567214 1.57289161561999 -0.79391905728209 5.062372825686
6.9988552 -2.57392526253896 1.56659522369146 -0.79391905728209 5.30102081849885
7.0900969 -2.56567193696237 1.55820003445342 -0.79391905728209 5.29155346460999
7.2151917 -2.55948194277993 1.55190364252488 -0.79391905728209 5.19951211345563
7.3080423 -2.55122861720334 1.54350845328684 -0.79391905728209 5.06004951487283
7.3993464 -2.5450386230209 1.53721206135831 -0.79391905728209 5.10314243578907
7.4905698 -2.53678529744432 1.52881687212027 -0.79391905728209 5.09950412427633
7.5817307 -2.53059530326188 1.52252048019174 -0.79391905728209 5.3246767900962
7.6739051 -2.52234197768529 1.51412529095369 -0.79391905728209 5.20123347690325
7.767014 -2.51615198350285 1.50782889902516 -0.79391905728209 5.13493893386549
7.8581172 -2.50789865792626 1.49943370978712 -0.79391905728209 5.13635750264887
7.9482727 -2.50170866374382 1.49313731785859 -0.79391905728209 5.21509021955062
8.0383751 -2.49345533816724 1.48474212862055 -0.79391905728209 5.10455007068614
8.1294783 -2.4872653439848 1.47844573669201 -0.79391905728209 5.20922041206541
8.2221663 -2.47901201840821 1.47005054745397 -0.79391905728209 5.42150592052466
8.3447791 -2.47282202422577 1.46375415552544 -0.79391905728209 5.36149258532542
8.4419421 -2.46456869864919 1.4553589662874 -0.79391905728209 5.32713685873359
8.5330286 -2.45837870446675 1.44906257435887 -0.79391905728209 5.2758899445585
8.6231336 -2.45012537889016 1.44066738512082 -0.79391905728209 5.14108798862023
8.7203402 -2.44393538470772 1.43437099319229 -0.79391905728209 5.39809012765716
8.8154424 -2.43568205913113 1.42597580395425 -0.79391905728209 5.34022622391768
8.9118057 -2.42949206494869 1.41967941202572 -0.79391905728209 5.43865371129701
9.0022418 -2.42123873937211 1.41128422278768 -0.79391905728209 5.40828785819017
9.0932838 -2.41504874518967 1.40498783085914 -0.79391905728209 5.38519218692984
9.1872069 -2.40679541961308 1.3965926416211 -0.79391905728209 5.41053906772231
9.2793133 -2.40060542543064 1.39029624969257 -0.79391905728209 5.4639724115405
9.4099677 -2.39235209985405 1.38190106045453 -0.79391905728209 5.53190848409253
9.5247325 -2.38616210567161 1.375604668526 -0.79391905728209 5.55962086928674
9.6164789 -2.37790878009503 1.36720947928795 -0.79391905728209 5.48225175551612
9.8164786 -2.37171878591259 1.36091308735942 -0.79391905728209 5.47087436624468
9.9123758 -2.363465460336 1.35251789812138 -0.79391905728209 5.53390441457018
10.0115334 -2.35727546615356 1.34622150619285 -0.79391905728209 5.60704995640645
10.1003157 -2.34902214057697 1.33782631695481 -0.79391905728209 5.58707968989585
10.2183799 -2.34283214639453 1.33152992502627 -0.79391905728209 5.74797184258586
10.3346809 -2.33457882081795 1.32313473578823 -0.79391905728209 5.70746293851382
10.4386765 -2.32838882663551 1.3168383438597 -0.79391905728209 5.80810575171635
10.5278954 -2.32013550105892 1.30844315462166 -0.79391905728209 5.89788316656822
10.6194622 -2.31394550687648 1.30214676269313 -0.79391905728209 5.87787986005659
10.7603657 -2.3056921812999 1.29375157345508 -0.79391905728209 5.76825283697274
10.8736273 -2.29950218711746 1.28745518152655 -0.79391905728209 5.65711008962408
11.0074074 -2.29124886154087 1.27905999228851 -0.79391905728209 5.65450566497927
11.0990015 -2.28505886735843 1.27276360035998 -0.79391905728209 5.76370820792885
11.1941122 -2.27680554178184 1.26436841112194 -0.79391905728209 5.87520964342607
11.3254692 -2.2706155475994 1.2580720191934 -0.79391905728209 5.77901020776434
11.4378811 -2.26236222202282 1.24967682995536 -0.79391905728209 5.72671321303015
11.5839951 -2.25617222784038 1.24338043802683 -0.79391905728209 5.7673600241402
11.7272332 -2.24791890226379 1.23498524878879 -0.79391905728209 5.76509287369385
11.8198015 -2.24172890808135 1.22868885686026 -0.79391905728209 5.63405575695244
11.9785476 -2.23347558250476 1.22029366762221 -0.79391905728209 5.49952569526998
12.0804272 -2.22728558832232 1.21399727569368 -0.79391905728209 5.65300332262433
12.1723793 -2.21903226274574 1.20560208645564 -0.79391905728209 5.60001391187276
12.2854651 -2.2128422685633 1.19930569452711 -0.79391905728209 5.58694775174022
12.4517123 -2.20458894298671 1.19091050528907 -0.79391905728209 5.63785164535739
12.5669736 -2.19839894880427 1.18461411336053 -0.79391905728209 5.68992661759615
12.658061 -2.19014562322768 1.17621892412249 -0.79391905728209 5.71320350987345
12.7493284 -2.18395562904524 1.16992253219396 -0.79391905728209 5.73284972641558
12.8423397 -2.17570230346866 1.16152734295592 -0.79391905728209 5.74249159467827
12.9345227 -2.16951230928622 1.15523095102739 -0.79391905728209 5.73114235752913
13.0276666 -2.16125898370963 1.14683576178934 -0.79391905728209 5.76386358999355
13.1202739 -2.15506898952719 1.14053936986081 -0.79391905728209 5.8820881894951
13.212882 -2.14681566395061 1.13214418062277 -0.79391905728209 5.94961915820885
13.3353557 -2.14062566976817 1.12584778869424 -0.79391905728209 5.98479384488112
13.4821681 -2.13237234419158 1.1174525994562 -0.79391905728209 6.02344539566714
13.6204501 -2.12618235000914 1.11115620752766 -0.79391905728209 6.05521778916867
13.7861216 -2.11792902443255 1.10276101828962 -0.79391905728209 6.15605466025438
13.9343414 -2.11173903025011 1.09646462636109 -0.79391905728209 6.20102929276061
14.0225378 -2.10348570467353 1.08806943712305 -0.79391905728209 6.25924746227471
14.1124615 -2.09729571049109 1.08177304519452 -0.79391905728209 6.33954347726438
14.2398763 -2.0890423849145 1.07337785595647 -0.79391905728209 6.34946498064715
14.3338645 -2.08285239073206 1.06708146402794 -0.79391905728209 6.30229176544803
14.4588571 -2.07459906515547 1.0586862747899 -0.79391905728209 6.26281964983256
14.55386 -2.06840907097303 1.05238988286137 -0.79391905728209 6.22859276732395
14.7069427 -2.06015574539645 1.04399469362333 -0.79391905728209 6.298795349211
14.7959123 -2.05396575121401 1.03769830169479 -0.79391905728209 6.34600511749657
14.8851757 -2.04571242563742 1.02930311245675 -0.79391905728209 6.34190984703349
14.9807504 -2.03952243145498 1.02300672052822 -0.79391905728209 6.28103600089843
15.1219447 -2.03126910587839 1.01461153129018 -0.79391905728209 6.27432035763695
15.2128199 -2.02507911169595 1.00831513936165 -0.79391905728209 6.37241636295835
15.303705 -2.01682578611937 0.999919950123604 -0.79391905728209 6.33154181886467
15.3946179 -2.01063579193693 0.993623558195072 -0.79391905728209 6.29667527530865
15.4897915 -2.00238246636034 0.98522836895703 -0.79391905728209 6.23092170459929
15.5779156 -1.9961924721779 0.978931977028498 -0.79391905728209 6.14470517038132
15.6713935 -1.98793914660132 0.970536787790456 -0.79391905728209 6.21752394072198
15.7610401 -1.98174915241888 0.964240395861924 -0.79391905728209 6.24160645928551
15.8521702 -1.97349582684229 0.955845206623882 -0.79391905728209 6.27289839844224
15.9603791 -1.96730583265985 0.94954881469535 -0.79391905728209 6.34944088446379
16.0713246 -1.95905250708326 0.941153625457308 -0.79391905728209 6.31564648818643
16.1584848 -1.95286251290082 0.934857233528776 -0.79391905728209 6.37469129214384
16.2506019 -1.94460918732424 0.926462044290734 -0.79391905728209 6.39255968498222
16.3413095 -1.9384191931418 0.920165652362202 -0.79391905728209 6.46325733073755
16.4290765 -1.93016586756521 0.91177046312416 -0.79391905728209 6.46598019802994
16.5172178 -1.92397587338277 0.905474071195628 -0.79391905728209 6.45820600128561
16.6053098 -1.91572254780619 0.897078881957586 -0.79391905728209 6.51644658567512
16.694829 -1.90953255362375 0.890782490029054 -0.79391905728209 6.50860679816846
16.7829283 -1.90127922804716 0.882387300791012 -0.79391905728209 6.57497929590299
16.8759927 -1.89508923386472 0.87609090886248 -0.79391905728209 6.55795752253305
16.9618494 -1.88683590828813 0.867695719624438 -0.79391905728209 6.56781744245987
17.0539892 -1.88064591410569 0.861399327695906 -0.79391905728209 6.62630925045156
17.1452395 -1.87239258852911 0.853004138457864 -0.79391905728209 6.60062734214061
17.2374383 -1.86620259434667 0.846707746529332 -0.79391905728209 6.60894604001685
17.3266987 -1.85794926877008 0.83831255729129 -0.79391905728209 6.6579789971354
17.4150576 -1.85175927458764 0.832016165362758 -0.79391905728209 6.65158460059695
17.5627595 -1.84350594901105 0.823620976124716 -0.79391905728209 6.65618886052262
17.6518395 -1.83731595482861 0.817324584196184 -0.79391905728209 6.63317002461011
17.7558402 -1.82906262925203 0.808929394958142 -0.79391905728209 6.65508693348107
17.8840989 -1.82287263506959 0.80263300302961 -0.79391905728209 6.66326033290205
17.9720229 -1.814619309493 0.794237813791568 -0.79391905728209 6.61123354275281
18.0591895 -1.80842931531056 0.787941421863037 -0.79391905728209 6.68671066535003
18.1462701 -1.80017598973398 0.779546232624994 -0.79391905728209 6.65427726279262
18.2346816 -1.79398599555154 0.773249840696463 -0.79391905728209 6.70192308041501
18.3248119 -1.78573266997495 0.76485465145842 -0.79391905728209 6.71967315591175
18.4130656 -1.77954267579251 0.758558259529889 -0.79391905728209 6.78635551178987
18.5166528 -1.77128935021592 0.750163070291846 -0.79391905728209 6.79277224129144
18.6026627 -1.76509935603348 0.743866678363315 -0.79391905728209 6.81207068045737
18.6913829 -1.7568460304569 0.735471489125272 -0.79391905728209 6.84669549584671
18.7779102 -1.75065603627446 0.729175097196741 -0.79391905728209 6.890308069586
18.9242295 -1.74240271069787 0.720779907958698 -0.79391905728209 6.8999755549004
19.0377435 -1.73621271651543 0.714483516030167 -0.79391905728209 6.96228334895864
19.1271253 -1.72795939093885 0.706088326792124 -0.79391905728209 6.97629246864596
19.2119912 -1.72176939675641 0.699791934863593 -0.79391905728209 6.99065381865013
19.3000327 -1.71351607117982 0.69139674562555 -0.79391905728209 7.02082893825145
19.3888809 -1.70732607699738 0.685100353697019 -0.79391905728209 7.03026102774435
19.4788628 -1.69907275142079 0.676705164458976 -0.79391905728209 7.02348505817667
19.5652143 -1.69288275723835 0.670408772530445 -0.79391905728209 7.02444726847797
19.6524442 -1.68462943166177 0.662013583292402 -0.79391905728209 7.02268254549289
19.7714445 -1.67843943747933 0.655717191363871 -0.79391905728209 7.01950125640837
19.9347477 -1.67018611190274 0.647322002125828 -0.79391905728209 7.00769603975178
20.0429202 -1.6639961177203 0.641025610197297 -0.79391905728209 7.00468745827991
20.1280739 -1.65574279214371 0.632630420959254 -0.79391905728209 6.9905533062879
20.2133075 -1.64955279796127 0.626334029030723 -0.79391905728209 7.02405949850839
20.2993558 -1.64129947238469 0.61793883979268 -0.79391905728209 7.05188356385875
20.3845612 -1.63510947820225 0.611642447864149 -0.79391905728209 7.05226384083577
20.4727366 -1.62685615262566 0.603247258626106 -0.79391905728209 7.06608119301699
20.5608201 -1.62066615844322 0.596950866697575 -0.79391905728209 7.10013594997331
20.647666 -1.61241283286664 0.588555677459532 -0.79391905728209 7.11030646795644
20.7328692 -1.6062228386842 0.582259285531001 -0.79391905728209 7.11426839394247
20.8230709 -1.59796951310761 0.573864096292958 -0.79391905728209 7.13987284520899
20.9375668 -1.59177951892517 0.567567704364427 -0.79391905728209 7.16068235784237
21.0408555 -1.58352619334858 0.559172515126384 -0.79391905728209 7.16859889932925
21.1404438 -1.57733619916614 0.552876123197853 -0.79391905728209 7.18187328918733
21.2231298 -1.56908287358956 0.54448093395981 -0.79391905728209 7.18331484023822
21.3061392 -1.56289287940712 0.538184542031279 -0.79391905728209 7.18503124819862
21.3952854 -1.55463955383053 0.529789352793236 -0.79391905728209 7.19710106256917
21.4853516 -1.54844955964809 0.523492960864705 -0.79391905728209 7.22827833412635
21.5704372 -1.54019623407151 0.515097771626662 -0.79391905728209 7.24374994825682
21.6565578 -1.53400623988907 0.508801379698131 -0.79391905728209 7.26652974633058
21.7437723 -1.52575291431248 0.500406190460089 -0.79391905728209 7.2675377610856
21.8749689 -1.51956292013004 0.494109798531557 -0.79391905728209 7.25539934969001
21.9737219 -1.51130959455345 0.485714609293515 -0.79391905728209 7.26501613866058
22.0602684 -1.50511960037101 0.479418217364983 -0.79391905728209 7.28475773389977
22.1495083 -1.49686627479443 0.471023028126941 -0.79391905728209 7.31472524206157
22.2370739 -1.49067628061199 0.464726636198409 -0.79391905728209 7.34486021667389
22.3280911 -1.4824229550354 0.456331446960367 -0.79391905728209 7.37655537715488
22.4164817 -1.47623296085296 0.450035055031835 -0.79391905728209 7.38799721004306
22.5006034 -1.46797963527637 0.441639865793793 -0.79391905728209 7.4142378228444
22.5897338 -1.46178964109394 0.435343473865261 -0.79391905728209 7.41940123332771
22.6749435 -1.45353631551735 0.426948284627219 -0.79391905728209 7.41454589883014
22.7580978 -1.44734632133491 0.420651892698687 -0.79391905728209 7.44713689845491
22.8396968 -1.43909299575832 0.412256703460645 -0.79391905728209 7.43526339494189
22.9270961 -1.43290300157588 0.405960311532113 -0.79391905728209 7.40516642773095
23.0105596 -1.4246496759993 0.397565122294071 -0.79391905728209 7.42466327828553
23.0967563 -1.41845968181686 0.391268730365539 -0.79391905728209 7.41493261495386
23.1938834 -1.41020635624027 0.382873541127497 -0.79391905728209 7.43434523846607
23.2790114 -1.40401636205783 0.376577149198965 -0.79391905728209 7.42943171278382
23.3630587 -1.39576303648124 0.368181959960923 -0.79391905728209 7.4362411375948
23.4458949 -1.3895730422988 0.361885568032391 -0.79391905728209 7.43542447668735
23.5289543 -1.38131971672222 0.353490378794349 -0.79391905728209 7.44193847814398
23.6159353 -1.37512972253978 0.347193986865817 -0.79391905728209 7.42361079291192
23.728464 -1.36687639696319 0.338798797627775 -0.79391905728209 7.43248276311173
23.8131348 -1.36068640278075 0.332502405699244 -0.79391905728209 7.41538659278425
23.8942591 -1.35243307720417 0.324107216461201 -0.79391905728209 7.43453639961599
24.005403 -1.34624308302173 0.31781082453267 -0.79391905728209 7.4342746732866
24.0914684 -1.33798975744514 0.309415635294627 -0.79391905728209 7.41353314094955
24.1745304 -1.3317997632627 0.303119243366096 -0.79391905728209 7.41590984874185
24.2561332 -1.32354643768611 0.294724054128053 -0.79391905728209 7.41377184202924
24.3382137 -1.31735644350367 0.288427662199522 -0.79391905728209 7.42733866863657
24.4619666 -1.30910311792709 0.28003247296148 -0.79391905728209 7.42080524796769
24.5809404 -1.30291312374465 0.273736081032948 -0.79391905728209 7.453625499128
24.6750483 -1.29465979816806 0.265340891794906 -0.79391905728209 7.48359626548139
24.7592747 -1.28846980398562 0.259044499866374 -0.79391905728209 7.46920883899723
24.8414275 -1.28021647840904 0.250649310628332 -0.79391905728209 7.47347356718724
24.9251109 -1.2740264842266 0.2443529186998 -0.79391905728209 7.47985799731114
25.008403 -1.26577315865001 0.235957729461758 -0.79391905728209 7.50432381679884
25.1215316 -1.25958316446757 0.229661337533226 -0.79391905728209 7.50982979748772
25.2034021 -1.25132983889098 0.221266148295184 -0.79391905728209 7.51905394774014
25.2864838 -1.24513984470854 0.214969756366652 -0.79391905728209 7.47783250451206
25.4038488 -1.23688651913196 0.20657456712861 -0.79391905728209 7.48783222116582
25.534968 -1.23069652494952 0.200278175200078 -0.79391905728209 7.49546801179739
25.6219079 -1.22244319937293 0.191882985962036 -0.79391905728209 7.46226772326211
25.6327451 -1.22244319937293 0.191882985962036 -0.79391905728209 7.46226772326211
25.6434335 -1.22244319937293 0.191882985962036 -0.79391905728209 7.46226772326211
25.653982 -1.22244319937293 0.191882985962036 -0.79391905728209 7.46226772326211
25.6647662 -1.22244319937293 0.191882985962036 -0.79391905728209 7.46226772326211
25.675277 -1.22244319937293 0.191882985962036 -0.79391905728209 7.46226772326211
25.686296 -1.22244319937293 0.191882985962036 -0.79391905728209 7.46226772326211
25.6974787 -1.22244319937293 0.191882985962036 -0.79391905728209 7.46226772326211
25.7089321 -1.22244319937293 0.191882985962036 -0.79391905728209 7.46226772326211
25.7204125 -1.22244319937293 0.191882985962036 -0.79391905728209 7.46226772326211
25.7312489 -1.22244319937293 0.191882985962036 -0.79391905728209 7.46226772326211
25.7429251 -1.22244319937293 0.191882985962036 -0.79391905728209 7.46226772326211
25.7544247 -1.22244319937293 0.191882985962036 -0.79391905728209 7.46226772326211
25.7663481 -1.22244319937293 0.191882985962036 -0.79391905728209 7.46226772326211
25.777814 -1.22244319937293 0.191882985962036 -0.79391905728209 7.46226772326211
25.7890053 -1.22244319937293 0.191882985962036 -0.79391905728209 7.46226772326211
25.8000652 -1.22244319937293 0.191882985962036 -0.79391905728209 7.46226772326211
25.8111766 -1.22244319937293 0.191882985962036 -0.79391905728209 7.46226772326211
25.8227296 -1.22244319937293 0.191882985962036 -0.79391905728209 7.46226772326211
25.8344521 -1.22244319937293 0.191882985962036 -0.79391905728209 7.46226772326211
25.8454881 -1.22244319937293 0.191882985962036 -0.79391905728209 7.46226772326211
25.8574248 -1.22244319937293 0.191882985962036 -0.79391905728209 7.46226772326211
25.8683454 -1.22244319937293 0.191882985962036 -0.79391905728209 7.46226772326211
25.8800605 -1.22244319937293 0.191882985962036 -0.79391905728209 7.46226772326211
25.8918086 -1.22244319937293 0.191882985962036 -0.79391905728209 7.46226772326211
25.903094 -1.22244319937293 0.191882985962036 -0.79391905728209 7.46226772326211
25.9141279 -1.22244319937293 0.191882985962036 -0.79391905728209 7.46226772326211
25.9258674 -1.22244319937293 0.191882985962036 -0.79391905728209 7.46226772326211
25.9366588 -1.22244319937293 0.191882985962036 -0.79391905728209 7.46226772326211
25.9486293 -1.22244319937293 0.191882985962036 -0.79391905728209 7.46226772326211
25.9598262 -1.22244319937293 0.191882985962036 -0.79391905728209 7.46226772326211
25.9710153 -1.22244319937293 0.191882985962036 -0.79391905728209 7.46226772326211
25.982018 -1.22244319937293 0.191882985962036 -0.79391905728209 7.46226772326211
25.9940321 -1.22244319937293 0.191882985962036 -0.79391905728209 7.46226772326211
26.0051203 -1.22244319937293 0.191882985962036 -0.79391905728209 7.46226772326211
26.0162367 -1.22244319937293 0.191882985962036 -0.79391905728209 7.46226772326211
26.027523 -1.22244319937293 0.191882985962036 -0.79391905728209 7.46226772326211
26.0389832 -1.22244319937293 0.191882985962036 -0.79391905728209 7.46226772326211
26.0507578 -1.22244319937293 0.191882985962036 -0.79391905728209 7.46226772326211
26.0628365 -1.22244319937293 0.191882985962036 -0.79391905728209 7.46226772326211
26.0738439 -1.22244319937293 0.191882985962036 -0.79391905728209 7.46226772326211
26.0858524 -1.22244319937293 0.191882985962036 -0.79391905728209 7.46226772326211
26.0971955 -1.22244319937293 0.191882985962036 -0.79391905728209 7.46226772326211
26.1085882 -1.22244319937293 0.191882985962036 -0.79391905728209 7.46226772326211
26.1196016 -1.22244319937293 0.191882985962036 -0.79391905728209 7.46226772326211
26.1309734 -1.22244319937293 0.191882985962036 -0.79391905728209 7.46226772326211
26.1424845 -1.22244319937293 0.191882985962036 -0.79391905728209 7.46226772326211
26.1540829 -1.22244319937293 0.191882985962036 -0.79391905728209 7.46226772326211
26.165048 -1.22244319937293 0.191882985962036 -0.79391905728209 7.46226772326211
26.1765245 -1.22244319937293 0.191882985962036 -0.79391905728209 7.46226772326211
26.1875298 -1.22244319937293 0.191882985962036 -0.79391905728209 7.46226772326211
26.1995648 -1.22244319937293 0.191882985962036 -0.79391905728209 7.46226772326211
26.2108472 -1.22244319937293 0.191882985962036 -0.79391905728209 7.46226772326211
26.2227719 -1.22244319937293 0.191882985962036 -0.79391905728209 7.46226772326211
26.2335736 -1.22244319937293 0.191882985962036 -0.79391905728209 7.46226772326211
26.2447572 -1.22244319937293 0.191882985962036 -0.79391905728209 7.46226772326211
26.2559925 -1.22244319937293 0.191882985962036 -0.79391905728209 7.46226772326211
26.2670598 -1.22244319937293 0.191882985962036 -0.79391905728209 7.46226772326211
26.2785329 -1.22244319937293 0.191882985962036 -0.79391905728209 7.46226772326211
26.2896938 -1.22244319937293 0.191882985962036 -0.79391905728209 7.46226772326211
26.3009638 -1.22244319937293 0.191882985962036 -0.79391905728209 7.46226772326211
26.3121473 -1.22244319937293 0.191882985962036 -0.79391905728209 7.46226772326211
26.3232668 -1.22244319937293 0.191882985962036 -0.79391905728209 7.46226772326211
26.3345273 -1.22244319937293 0.191882985962036 -0.79391905728209 7.46226772326211
26.3457255 -1.22244319937293 0.191882985962036 -0.79391905728209 7.46226772326211
26.35701 -1.22244319937293 0.191882985962036 -0.79391905728209 7.46226772326211
26.368578 -1.22244319937293 0.191882985962036 -0.79391905728209 7.46226772326211
26.3797706 -1.22244319937293 0.191882985962036 -0.79391905728209 7.46226772326211
26.3917774 -1.22244319937293 0.191882985962036 -0.79391905728209 7.46226772326211
26.4032295 -1.22244319937293 0.191882985962036 -0.79391905728209 7.46226772326211
26.4144841 -1.22244319937293 0.191882985962036 -0.79391905728209 7.46226772326211
26.4267428 -1.22244319937293 0.191882985962036 -0.79391905728209 7.46226772326211
26.4378871 -1.22244319937293 0.191882985962036 -0.79391905728209 7.46226772326211
26.4492802 -1.22244319937293 0.191882985962036 -0.79391905728209 7.46226772326211
26.4609017 -1.22244319937293 0.191882985962036 -0.79391905728209 7.46226772326211
26.4730997 -1.22244319937293 0.191882985962036 -0.79391905728209 7.46226772326211
26.4843307 -1.22244319937293 0.191882985962036 -0.79391905728209 7.46226772326211
26.495614 -1.22244319937293 0.191882985962036 -0.79391905728209 7.46226772326211
26.506851 -1.22244319937293 0.191882985962036 -0.79391905728209 7.46226772326211
26.5188591 -1.22244319937293 0.191882985962036 -0.79391905728209 7.46226772326211
26.5297835 -1.22244319937293 0.191882985962036 -0.79391905728209 7.46226772326211
26.5412058 -1.22244319937293 0.191882985962036 -0.79391905728209 7.46226772326211
26.5528957 -1.22244319937293 0.191882985962036 -0.79391905728209 7.46226772326211
26.5649106 -1.22244319937293 0.191882985962036 -0.79391905728209 7.46226772326211
26.5760301 -1.22244319937293 0.191882985962036 -0.79391905728209 7.46226772326211
26.5872111 -1.22244319937293 0.191882985962036 -0.79391905728209 7.46226772326211
