0.0072239 -3 2 -0.8 1.4142135623731
0.0183934 -3 2 -0.8 1.4142135623731
0.0295731 -3 2 -0.8 1.4142135623731
0.0405917 -3 2 -0.8 1.4142135623731
0.0520194 -3 2 -0.8 1.4142135623731
0.0640716 -3 2 -0.8 1.4142135623731
0.0750867 -3 2 -0.8 1.4142135623731
0.0873197 -3 2 -0.8 1.4142135623731
0.0993295 -3 2 -0.8 1.4142135623731
0.1114488 -3 2 -0.8 1.4142135623731
0.1225961 -3 2 -0.8 1.4142135623731
0.1345238 -3 2 -0.8 1.4142135623731
0.1458104 -3 2 -0.8 1.4142135623731
0.1570983 -3 2 -0.8 1.4142135623731
0.1681925 -3 2 -0.8 1.4142135623731
0.179451 -3 2 -0.8 1.4142135623731
0.1908249 -3 2 -0.8 1.4142135623731
0.202289 -3 2 -0.8 1.4142135623731
0.2132964 -3 2 -0.8 1.4142135623731
0.2253088 -3 2 -0.8 1.4142135623731
0.2363131 -3 2 -0.8 1.4142135623731
0.2481121 -3 2 -0.8 1.4142135623731
0.2591918 -3 2 -0.8 1.4142135623731
0.2704083 -3 2 -0.8 1.4142135623731
0.2824143 -3 2 -0.8 1.4142135623731
0.2945011 -3 2 -0.8 1.4142135623731
0.3059729 -3 2 -0.8 1.4142135623731
0.318031 -3 2 -0.8 1.4142135623731
0.329549 -3 2 -0.8 1.4142135623731
0.3414481 -3 2 -0.8 1.4142135623731
0.3529883 -3 2 -0.8 1.4142135623731
0.3653219 -3 2 -0.8 1.4142135623731
0.3763998 -3 2 -0.8 1.4142135623731
0.3885944 -3 2 -0.8 1.4142135623731
0.4000914 -3 2 -0.8 1.4142135623731
0.4123501 -3 2 -0.8 1.4142135623731
0.4236625 -3 2 -0.8 1.4142135623731
0.4351197 -3 2 -0.8 1.4142135623731
0.4466074 -3 2 -0.8 1.4142135623731
0.4582327 -3 2 -0.8 1.4142135623731
0.4697418 -3 2 -0.8 1.4142135623731
0.4818333 -3 2 -0.8 1.4142135623731
0.4938414 -3 2 -0.8 1.4142135623731
0.506115 -3 2 -0.8 1.4142135623731
0.5171682 -3 2 -0.8 1.4142135623731
0.528587 -3 2 -0.8 1.4142135623731
0.5398907 -3 2 -0.8 1.4142135623731
0.5513292 -3 2 -0.8 1.4142135623731
0.5634062 -3 2 -0.8 1.4142135623731
0.5754138 -3 2 -0.8 1.4142135623731
0.5873377 -3 2 -0.8 1.4142135623731
0.5993475 -3 2 -0.8 1.4142135623731
0.6114398 -3 2 -0.8 1.4142135623731
0.6236049 -3 2 -0.8 1.4142135623731
0.6355651 -3 2 -0.8 1.4142135623731
0.6477759 -3 2 -0.8 1.4142135623731
0.6589394 -3 2 -0.8 1.4142135623731
0.6711558 -3 2 -0.8 1.4142135623731
0.6824492 -3 2 -0.8 1.4142135623731
0.6945437 -3 2 -0.8 1.4142135623731
0.7064714 -3 2 -0.8 1.4142135623731
0.7184795 -3 2 -0.8 1.4142135623731
0.7306018 -3 2 -0.8 1.4142135623731
0.7420215 -3 2 -0.8 1.4142135623731
0.7534108 -3 2 -0.8 1.4142135623731
0.7655369 -3 2 -0.8 1.4142135623731
0.7767419 -3 2 -0.8 1.4142135623731
0.7887311 -3 2 -0.8 1.4142135623731
0.8006516 -3 2 -0.8 1.4142135623731
0.8127397 -3 2 -0.8 1.4142135623731
0.8247721 -3 2 -0.8 1.4142135623731
0.8366708 -3 2 -0.8 1.4142135623731
0.8498588 -3 2 -0.8 1.4142135623731
0.8618681 -3 2 -0.8 1.4142135623731
0.8739079 -3 2 -0.8 1.4142135623731
0.8859173 -3 2 -0.8 1.4142135623731
0.8980147 -3 2 -0.8 1.4142135623731
0.9099082 -3 2 -0.8 1.4142135623731
0.9219424 -3 2 -0.8 1.4142135623731
0.9341413 -3 2 -0.8 1.4142135623731
0.9461216 -3 2 -0.8 1.4142135623731
0.9578051 -3 2 -0.8 1.4142135623731
0.9693103 -3 2 -0.8 1.4142135623731
0.9823229 -3 2 -0.8 1.4142135623731
0.994346 -3 2 -0.8 1.4142135623731
1.0063443 -3 2 -0.8 1.4142135623731
1.0173431 -3 2 -0.8 1.4142135623731
1.029352 -3 2 -0.8 1.4142135623731
1.0403714 -3 2 -0.8 1.4142135623731
1.0514062 -3 2 -0.8 1.4142135623731
1.0631637 -3 2 -0.8 1.4142135623731
1.0740907 -3 2 -0.8 1.4142135623731
1.0851921 -3 2 -0.8 1.4142135623731
1.0963817 -3 2 -0.8 1.4142135623731
1.1073887 -3 2 -0.8 1.4142135623731
1.1183755 -3 2 -0.8 1.4142135623731
1.1294907 -3 2 -0.8 1.4142135623731
1.1405058 -3 2 -0.8 1.4142135623731
1.151535 -3 2 -0.8 1.4142135623731
1.1626998 -3 2 -0.8 1.4142135623731
1.1742203 -3 2 -0.8 1.4142135623731
1.1853205 -3 2 -0.8 1.4142135623731
1.1964425 -3 2 -0.8 1.4142135623731
1.2074478 -3 2 -0.8 1.4142135623731
1.2183457 -3 2 -0.8 1.4142135623731
1.2303516 -3 2 -0.8 1.4142135623731
1.2415883 -3 2 -0.8 1.4142135623731
1.2527051 -3 2 -0.8 1.4142135623731
1.2644331 -3 2 -0.8 1.4142135623731
1.2764215 -3 2 -0.8 1.4142135623731
1.2876748 -3 2 -0.8 1.4142135623731
1.2996851 -3 2 -0.8 1.4142135623731
1.3106938 -3 2 -0.8 1.4142135623731
1.3227048 -3 2 -0.8 1.4142135623731
1.3337063 -3 2 -0.8 1.4142135623731
1.3447346 -3 2 -0.8 1.4142135623731
1.3558027 -3 2 -0.8 1.4142135623731
1.3671911 -3 2 -0.8 1.4142135623731
1.3783559 -3 2 -0.8 1.4142135623731
1.3894052 -3 2 -0.8 1.4142135623731
1.4004165 -3 2 -0.8 1.4142135623731
1.4115175 -3 2 -0.8 1.4142135623731
1.42292 -3 2 -0.8 1.4142135623731
1.4348533 -3 2 -0.8 1.4142135623731
1.4469722 -3 2 -0.8 1.4142135623731
1.4583944 -3 2 -0.8 1.4142135623731
1.4700569 -3 2 -0.8 1.4142135623731
1.4827198 -3 2 -0.8 1.4142135623731
1.4947283 -3 2 -0.8 1.4142135623731
1.5069361 -3 2 -0.8 1.4142135623731
1.5181467 -3 2 -0.8 1.4142135623731
1.530174 -3 2 -0.8 1.4142135623731
1.542162 -3 2 -0.8 1.4142135623731
1.5541077 -3 2 -0.8 1.4142135623731
1.5656646 -3 2 -0.8 1.4142135623731
1.5776462 -3 2 -0.8 1.4142135623731
1.5896598 -3 2 -0.8 1.4142135623731
1.6016632 -3 2 -0.8 1.4142135623731
1.6136709 -3 2 -0.8 1.4142135623731
1.6256799 -3 2 -0.8 1.4142135623731
1.6366873 -3 2 -0.8 1.4142135623731
1.6477357 -3 2 -0.8 1.4142135623731
1.6582573 -3 2 -0.8 1.4142135623731
1.6688327 -3 2 -0.8 1.4142135623731
1.6799368 -3 2 -0.8 1.4142135623731
1.6910541 -3 2 -0.8 1.4142135623731
1.7020093 -3 2 -0.8 1.4142135623731
1.7140135 -3 2 -0.8 1.4142135623731
1.7250782 -3 2 -0.8 1.4142135623731
1.73653 -3 2 -0.8 1.4142135623731
1.7476314 -3 2 -0.8 1.4142135623731
1.7582805 -3 2 -0.8 1.4142135623731
1.7693905 -3 2 -0.8 1.4142135623731
1.7807131 -3 2 -0.8 1.4142135623731
1.7919095 -3 2 -0.8 1.4142135623731
1.8028125 -3 2 -0.8 1.4142135623731
1.8142181 -3 2 -0.8 1.4142135623731
1.825243 -3 2 -0.8 1.4142135623731
1.8362375 -3 2 -0.8 1.4142135623731
1.8482615 -3 2 -0.8 1.4142135623731
1.858993 -3 2 -0.8 1.4142135623731
1.8702839 -3 2 -0.8 1.4142135623731
1.8819264 -3 2 -0.8 1.4142135623731
1.8939307 -3 2 -0.8 1.4142135623731
1.9051908 -3 2 -0.8 1.4142135623731
1.9176368 -3 2 -0.8 1.4142135623731
1.9296056 -3 2 -0.8 1.4142135623731
1.9416141 -3 2 -0.8 1.4142135623731
1.953632 -3 2 -0.8 1.4142135623731
1.9656299 -3 2 -0.8 1.4142135623731
1.976967 -3 2 -0.8 1.4142135623731
1.9888759 -3 2 -0.8 1.4142135623731
1.9999542 -3 2 -0.8 1.4142135623731
2.0121381 -3 2 -0.8 1.4142135623731
2.0233824 -3 2 -0.8 1.4142135623731
2.0355595 -3 2 -0.8 1.4142135623731
2.0470505 -3 2 -0.8 1.4142135623731
2.0585758 -3 2 -0.8 1.4142135623731
2.0696255 -3 2 -0.8 1.4142135623731
2.0816554 -3 2 -0.8 1.4142135623731
2.0936443 -3 2 -0.8 1.4142135623731
2.105489 -3 2 -0.8 1.4142135623731
2.1174274 -3 2 -0.8 1.4142135623731
2.1297387 -3 2 -0.8 1.4142135623731
2.1408667 -3 2 -0.8 1.4142135623731
2.1525802 -3 2 -0.8 1.4142135623731
2.1637655 -3 2 -0.8 1.4142135623731
2.1754306 -3 2 -0.8 1.4142135623731
2.1873237 -3 2 -0.8 1.4142135623731
2.1995879 -3 2 -0.8 1.4142135623731
2.2110187 -3 2 -0.8 1.4142135623731
2.2230294 -3 2 -0.8 1.4142135623731
2.2342677 -3 2 -0.8 1.4142135623731
2.2466196 -3 2 -0.8 1.4142135623731
2.2577677 -3 2 -0.8 1.4142135623731
2.2696676 -3 2 -0.8 1.4142135623731
2.2816248 -3 2 -0.8 1.4142135623731
2.2936231 -3 2 -0.8 1.4142135623731
2.3049166 -3 2 -0.8 1.4142135623731
2.316296 -3 2 -0.8 1.4142135623731
2.3275716 -3 2 -0.8 1.4142135623731
2.3395801 -3 2 -0.8 1.4142135623731
2.3515955 -3 2 -0.8 1.4142135623731
2.3631301 -3 2 -0.8 1.4142135623731
2.3751425 -3 2 -0.8 1.4142135623731
2.3861234 -3 2 -0.8 1.4142135623731
2.3979053 -3 2 -0.8 1.4142135623731
2.4094874 -3 2 -0.8 1.4142135623731
2.4206629 -3 2 -0.8 1.4142135623731
2.432786 -3 2 -0.8 1.4142135623731
2.4450191 -3 2 -0.8 1.4142135623731
2.4564383 -3 2 -0.8 1.4142135623731
2.4683421 -3 2 -0.8 1.4142135623731
2.4801872 -3 2 -0.8 1.4142135623731
2.4922163 -3 2 -0.8 1.4142135623731
2.5042038 -3 2 -0.8 1.4142135623731
2.516232 -3 2 -0.8 1.4142135623731
2.5279408 -3 2 -0.8 1.4142135623731
2.5390709 -3 2 -0.8 1.4142135623731
2.5508985 -3 2 -0.8 1.4142135623731
2.5621339 -3 2 -0.8 1.4142135623731
2.5745016 -3 2 -0.8 1.4142135623731
2.586511 -3 2 -0.8 1.4142135623731
2.5985324 -3 2 -0.8 1.4142135623731
2.6104789 -3 2 -0.8 1.4142135623731
2.6220897 -3 2 -0.8 1.4142135623731
2.6340991 -3 2 -0.8 1.4142135623731
2.6460837 -3 2 -0.8 1.4142135623731
2.6573977 -3 2 -0.8 1.4142135623731
2.6696573 -3 2 -0.8 1.4142135623731
2.6817359 -3 2 -0.8 1.4142135623731
2.6931919 -3 2 -0.8 1.4142135623731
2.7043503 -3 2 -0.8 1.4142135623731
2.7149292 -3 2 -0.8 1.4142135623731
2.7255765 -3 2 -0.8 1.4142135623731
2.7362892 -3 2 -0.8 1.4142135623731
2.7484474 -3 2 -0.8 1.4142135623731
2.7600031 -3 2 -0.8 1.4142135623731
2.771622 -3 2 -0.8 1.4142135623731
2.7836331 -3 2 -0.8 1.4142135623731
2.7952229 -3 2 -0.8 1.4142135623731
2.8068072 -3 2 -0.8 1.4142135623731
2.8179968 -3 2 -0.8 1.4142135623731
2.8301747 -3 2 -0.8 1.4142135623731
2.8409413 -3 2 -0.8 1.4142135623731
2.852254 -3 2 -0.8 1.4142135623731
2.8638619 -3 2 -0.8 1.4142135623731
2.8753752 -3 2 -0.8 1.4142135623731
2.8864668 -3 2 -0.8 1.4142135623731
2.8983209 -3 2 -0.8 1.4142135623731
2.9103513 -3 2 -0.8 1.4142135623731
2.9223337 -3 2 -0.8 1.4142135623731
2.9342704 -3 2 -0.8 1.4142135623731
2.946054 -3 2 -0.8 1.4142135623731
2.9572346 -3 2 -0.8 1.4142135623731
2.9686495 -3 2 -0.8 1.4142135623731
2.9799221 -3 2 -0.8 1.4142135623731
2.9913811 -3 2 -0.8 1.4142135623731
3.0029478 -3 2 -0.8 1.4142135623731
3.0148037 -3 2 -0.8 1.4142135623731
3.0268212 -3 2 -0.8 1.4142135623731
3.0386655 -3 2 -0.8 1.4142135623731
3.050671 -3 2 -0.8 1.4142135623731
3.0626941 -3 2 -0.8 1.4142135623731
3.0742651 -3 2 -0.8 1.4142135623731
3.0862472 -3 2 -0.8 1.4142135623731
3.097435 -3 2 -0.8 1.4142135623731
3.1093058 -3 2 -0.8 1.4142135623731
3.1213127 -3 2 -0.8 1.4142135623731
3.1333494 -3 2 -0.8 1.4142135623731
3.1453579 -3 2 -0.8 1.4142135623731
3.1568631 -3 2 -0.8 1.4142135623731
3.168367 -3 2 -0.8 1.4142135623731
3.1803824 -3 2 -0.8 1.4142135623731
3.1923943 -3 2 -0.8 1.4142135623731
3.2044003 -3 2 -0.8 1.4142135623731
3.2164272 -3 2 -0.8 1.4142135623731
3.2274355 -3 2 -0.8 1.4142135623731
3.2384228 -3 2 -0.8 1.4142135623731
3.2494507 -3 2 -0.8 1.4142135623731
3.2604427 -3 2 -0.8 1.4142135623731
3.2721779 -3 2 -0.8 1.4142135623731
3.2832007 -3 2 -0.8 1.4142135623731
3.2942085 -3 2 -0.8 1.4142135623731
3.3052172 -3 2 -0.8 1.4142135623731
3.3162071 -3 2 -0.8 1.4142135623731
3.3272145 -3 2 -0.8 1.4142135623731
3.338221 -3 2 -0.8 1.4142135623731
3.349231 -3 2 -0.8 1.4142135623731
3.3602777 -3 2 -0.8 1.4142135623731
3.3717709 -3 2 -0.8 1.4142135623731
3.3827779 -3 2 -0.8 1.4142135623731
3.3938058 -3 2 -0.8 1.4142135623731
3.4057981 -3 2 -0.8 1.4142135623731
3.4168059 -3 2 -0.8 1.4142135623731
3.4278133 -3 2 -0.8 1.4142135623731
3.4388378 -3 2 -0.8 1.4142135623731
3.4498263 -3 2 -0.8 1.4142135623731
3.4606982 -3 2 -0.8 1.4142135623731
3.4716153 -3 2 -0.8 1.4142135623731
3.483292 -3 2 -0.8 1.4142135623731
3.4950277 -3 2 -0.8 1.4142135623731
3.506006 -3 2 -0.8 1.4142135623731
3.5175736 -3 2 -0.8 1.4142135623731
3.528915 -3 2 -0.8 1.4142135623731
3.5403868 -3 2 -0.8 1.4142135623731
3.5517291 -3 2 -0.8 1.4142135623731
3.5635238 -3 2 -0.8 1.4142135623731
3.5747163 -3 2 -0.8 1.4142135623731
3.8614619 -2.99897152973316 1.99894746945064 -0.79391905728209 1.41407635697537
4.0481269 -2.99278153555072 1.9926510775221 -0.79391905728209 1.42753927548934
4.1625706 -2.98452820997413 1.98425588828406 -0.79391905728209 1.44262615466993
4.28494 -2.97833821579169 1.97795949635553 -0.79391905728209 1.45745417674308
4.4567941 -2.97008489021511 1.96956430711749 -0.79391905728209 1.4681803656436
4.5610369 -2.96389489603267 1.96326791518896 -0.79391905728209 1.48276682857418
4.6842817 -2.95564157045608 1.95487272595091 -0.79391905728209 1.49835276942735
4.8126336 -2.94945157627364 1.94857633402238 -0.79391905728209 1.50681764066163
4.8998614 -2.94119825069705 1.94018114478434 -0.79391905728209 1.5160620785669
5.0200574 -2.93500825651461 1.93388475285581 -0.79391905728209 1.52204770334154
5.1311791 -2.92675493093803 1.92548956361777 -0.79391905728209 1.53126279341943
5.2573841 -2.92056493675559 1.91919317168923 -0.79391905728209 1.55660688823935
5.3426177 -2.912311611179 1.91079798245119 -0.79391905728209 1.58697324741811
5.428459 -2.90612161699656 1.90450159052266 -0.79391905728209 1.58667939312535
5.5200634 -2.89786829141998 1.89610640128462 -0.79391905728209 1.59508481759684
5.6703633 -2.89167829723754 1.88981000935609 -0.79391905728209 1.60706582196817
5.8064886 -2.88342497166095 1.88141482011804 -0.79391905728209 1.61995423940332
5.9577756 -2.87723497747851 1.87511842818951 -0.79391905728209 1.62893312837629
6.0464488 -2.86898165190192 1.86672323895147 -0.79391905728209 1.62901280713292
6.1388178 -2.86279165771948 1.86042684702294 -0.79391905728209 1.63335114661659
6.3510002 -2.8545383321429 1.8520316577849 -0.79391905728209 1.62087184576329
6.4981872 -2.84834833796046 1.84573526585636 -0.79391905728209 1.6120921060476
6.6171392 -2.84009501238387 1.83734007661832 -0.79391905728209 1.60396705107637
6.7102776 -2.83390501820143 1.83104368468979 -0.79391905728209 1.59609284111274
6.8004177 -2.82565169262484 1.82264849545175 -0.79391905728209 1.57721473728797
6.8925053 -2.8194616984424 1.81635210352322 -0.79391905728209 1.56641614581004
7.0245756 -2.81120837286582 1.80795691428517 -0.79391905728209 1.56155484601565
7.1674253 -2.80501837868338 1.80166052235664 -0.79391905728209 1.55896973164015
7.313113 -2.79676505310679 1.7932653331186 -0.79391905728209 1.55945808149975
7.4111356 -2.79057505892435 1.78696894119007 -0.79391905728209 1.54502714546704
7.5093909 -2.78232173334776 1.77857375195203 -0.79391905728209 1.54782160473851
7.6436268 -2.77613173916532 1.77227736002349 -0.79391905728209 1.55767270595884
7.79472 -2.76787841358874 1.76388217078545 -0.79391905728209 1.5424896857451
7.8888095 -2.7616884194063 1.75758577885692 -0.79391905728209 1.55580443790186
8.0590843 -2.75343509382971 1.74919058961888 -0.79391905728209 1.54613414950711
8.1558569 -2.74724509964727 1.74289419769035 -0.79391905728209 1.51788944143065
8.2502282 -2.73899177407069 1.7344990084523 -0.79391905728209 1.5148854095365
8.3994196 -2.73280177988825 1.72820261652377 -0.79391905728209 1.49698915745012
8.5056609 -2.72454845431166 1.71980742728573 -0.79391905728209 1.50007509078616
8.602717 -2.71835846012922 1.7135110353572 -0.79391905728209 1.5011156334158
8.6990157 -2.71010513455263 1.70511584611916 -0.79391905728209 1.4902642116509
8.8391216 -2.70391514037019 1.69881945419062 -0.79391905728209 1.50529499102746
8.9924121 -2.69566181479361 1.69042426495258 -0.79391905728209 1.49558308628861
9.0894683 -2.68947182061117 1.68412787302405 -0.79391905728209 1.47974999384542
9.1824373 -2.68121849503458 1.67573268378601 -0.79391905728209 1.47637492575324
9.2766029 -2.67502850085214 1.66943629185748 -0.79391905728209 1.48077680797462
9.3701937 -2.66677517527555 1.66104110261943 -0.79391905728209 1.49045575216621
9.4639269 -2.66058518109311 1.6547447106909 -0.79391905728209 1.49980577717842
9.5585424 -2.65233185551653 1.64634952145286 -0.79391905728209 1.4891314322429
9.6541894 -2.64614186133409 1.64005312952433 -0.79391905728209 1.46122211171882
9.8130715 -2.6378885357575 1.63165794028629 -0.79391905728209 1.4587320918462
9.9282999 -2.63169854157506 1.62536154835775 -0.79391905728209 1.46207495328938
10.0274007 -2.62344521599847 1.61696635911971 -0.79391905728209 1.46030162089647
10.1215128 -2.61725522181604 1.61066996719118 -0.79391905728209 1.44655950088287
10.2167629 -2.60900189623945 1.60227477795314 -0.79391905728209 1.44994517379986
10.3078913 -2.60281190205701 1.59597838602461 -0.79391905728209 1.42710184261885
10.4299866 -2.59455857648042 1.58758319678656 -0.79391905728209 1.41915412656928
10.523054 -2.58836858229798 1.58128680485803 -0.79391905728209 1.41859762375799
10.6179962 -2.5801152567214 1.57289161561999 -0.79391905728209 1.42332295667985
10.7418598 -2.57392526253896 1.56659522369146 -0.79391905728209 1.41634110494322
10.9326047 -2.56567193696237 1.55820003445342 -0.79391905728209 1.39441301484389
11.043687 -2.55948194277993 1.55190364252488 -0.79391905728209 1.39646801117826
11.1377769 -2.55122861720334 1.54350845328684 -0.79391905728209 1.38394746809289
11.2930859 -2.5450386230209 1.53721206135831 -0.79391905728209 1.36116609573472
11.3862141 -2.53678529744432 1.52881687212027 -0.79391905728209 1.33397271429904
11.483079 -2.53059530326188 1.52252048019174 -0.79391905728209 1.31933490875964
11.5771321 -2.52234197768529 1.51412529095369 -0.79391905728209 1.30213082424477
11.6982553 -2.51615198350285 1.50782889902516 -0.79391905728209 1.29704442107405
11.8394056 -2.50789865792626 1.49943370978712 -0.79391905728209 1.3019704954575
11.9356932 -2.50170866374382 1.49313731785859 -0.79391905728209 1.28080866751783
12.0830197 -2.49345533816724 1.48474212862055 -0.79391905728209 1.27721735011669
12.2752271 -2.4872653439848 1.47844573669201 -0.79391905728209 1.26551748396233
12.3903478 -2.47901201840821 1.47005054745397 -0.79391905728209 1.28535858881006
12.4814505 -2.47282202422577 1.46375415552544 -0.79391905728209 1.28222116415929
12.605705 -2.46456869864919 1.4553589662874 -0.79391905728209 1.25826874801043
12.7036566 -2.45837870446675 1.44906257435887 -0.79391905728209 1.2792399137402
12.8693029 -2.45012537889016 1.44066738512082 -0.79391905728209 1.27459886166706
12.96536 -2.44393538470772 1.43437099319229 -0.79391905728209 1.26141419143544
13.0879514 -2.43568205913113 1.42597580395425 -0.79391905728209 1.28647770643818
13.1860437 -2.42949206494869 1.41967941202572 -0.79391905728209 1.26988214071192
13.2802525 -2.42123873937211 1.41128422278768 -0.79391905728209 1.27336632354828
13.3750065 -2.41504874518967 1.40498783085914 -0.79391905728209 1.27122336988674
13.4672374 -2.40679541961308 1.3965926416211 -0.79391905728209 1.25428425148881
13.6352063 -2.40060542543064 1.39029624969257 -0.79391905728209 1.2430337393668
13.7668057 -2.39235209985405 1.38190106045453 -0.79391905728209 1.23535051073838
13.874117 -2.38616210567161 1.375604668526 -0.79391905728209 1.21881301706522
13.9669257 -2.37790878009503 1.36720947928795 -0.79391905728209 1.20644742196557
14.058823 -2.37171878591259 1.36091308735942 -0.79391905728209 1.20002250640514
14.1744346 -2.363465460336 1.35251789812138 -0.79391905728209 1.20313836084585
14.2671432 -2.35727546615356 1.34622150619285 -0.79391905728209 1.18292344239217
14.3601986 -2.34902214057697 1.33782631695481 -0.79391905728209 1.14512598361478
14.452373 -2.34283214639453 1.33152992502627 -0.79391905728209 1.11217545003926
14.5445902 -2.33457882081795 1.32313473578823 -0.79391905728209 1.07957440494926
14.6376781 -2.32838882663551 1.3168383438597 -0.79391905728209 1.06679043449868
14.7348925 -2.32013550105892 1.30844315462166 -0.79391905728209 1.0404058814035
14.8589173 -2.31394550687648 1.30214676269313 -0.79391905728209 1.01328759298428
14.9992512 -2.3056921812999 1.29375157345508 -0.79391905728209 1.00121276964649
15.0945043 -2.29950218711746 1.28745518152655 -0.79391905728209 1.02417176505018
15.1875768 -2.29124886154087 1.27905999228851 -0.79391905728209 1.0295603533225
15.2812711 -2.28505886735843 1.27276360035998 -0.79391905728209 1.03299200520814
15.440039 -2.27680554178184 1.26436841112194 -0.79391905728209 1.04426738043278
15.7363414 -2.2706155475994 1.2580720191934 -0.79391905728209 1.02930078716701
15.8902203 -2.26236222202282 1.24967682995536 -0.79391905728209 0.995751567503149
16.0865773 -2.25617222784038 1.24338043802683 -0.79391905728209 0.989384121526788
16.2417315 -2.24791890226379 1.23498524878879 -0.79391905728209 0.956712745115425
16.3711679 -2.24172890808135 1.22868885686026 -0.79391905728209 0.939331962701464
16.4978091 -2.23347558250476 1.22029366762221 -0.79391905728209 0.926542288083346
16.6379104 -2.22728558832232 1.21399727569368 -0.79391905728209 0.948629757254194
16.7361224 -2.21903226274574 1.20560208645564 -0.79391905728209 0.926180163830163
16.8329998 -2.2128422685633 1.19930569452711 -0.79391905728209 0.920712990323417
16.9290723 -2.20458894298671 1.19091050528907 -0.79391905728209 0.904661316976703
17.0222633 -2.19839894880427 1.18461411336053 -0.79391905728209 0.90243267725997
17.1154294 -2.19014562322768 1.17621892412249 -0.79391905728209 0.904639728063314
17.2095882 -2.18395562904524 1.16992253219396 -0.79391905728209 0.89208229428841
17.3066627 -2.17570230346866 1.16152734295592 -0.79391905728209 0.909564413611174
17.4037919 -2.16951230928622 1.15523095102739 -0.79391905728209 0.886524295480098
17.4966301 -2.16125898370963 1.14683576178934 -0.79391905728209 0.851291293946191
17.5907401 -2.15506898952719 1.14053936986081 -0.79391905728209 0.828442584365689
17.6855271 -2.14681566395061 1.13214418062277 -0.79391905728209 0.817049185565405
17.7821431 -2.14062566976817 1.12584778869424 -0.79391905728209 0.806414919039775
17.9295812 -2.13237234419158 1.1174525994562 -0.79391905728209 0.792858440596395
18.1145621 -2.12618235000914 1.11115620752766 -0.79391905728209 0.785886839818319
18.2207025 -2.11792902443255 1.10276101828962 -0.79391905728209 0.78844447701741
18.3127311 -2.11173903025011 1.09646462636109 -0.79391905728209 0.759123139509966
18.4048363 -2.10348570467353 1.08806943712305 -0.79391905728209 0.764342505642416
18.4970513 -2.09729571049109 1.08177304519452 -0.79391905728209 0.762803381219979
18.6422027 -2.0890423849145 1.07337785595647 -0.79391905728209 0.744354664652063
18.7361442 -2.08285239073206 1.06708146402794 -0.79391905728209 0.727334039570697
18.8951165 -2.07459906515547 1.0586862747899 -0.79391905728209 0.713734327589861
18.9902238 -2.06840907097303 1.05238988286137 -0.79391905728209 0.69820194927607
19.0835482 -2.06015574539645 1.04399469362333 -0.79391905728209 0.698627696257108
19.2392952 -2.05396575121401 1.03769830169479 -0.79391905728209 0.691697288894676
19.3332837 -2.04571242563742 1.02930311245675 -0.79391905728209 0.672842459115357
19.4292459 -2.03952243145498 1.02300672052822 -0.79391905728209 0.668302059188503
19.5240594 -2.03126910587839 1.01461153129018 -0.79391905728209 0.659146185911091
19.6192689 -2.02507911169595 1.00831513936165 -0.79391905728209 0.649644971570498
19.7132113 -2.01682578611937 0.999919950123604 -0.79391905728209 0.643036523020232
19.8173275 -2.01063579193693 0.993623558195072 -0.79391905728209 0.641593676408565
19.9149751 -2.00238246636034 0.98522836895703 -0.79391905728209 0.627953110357524
20.008208 -1.9961924721779 0.978931977028498 -0.79391905728209 0.621733188566483
20.1002584 -1.98793914660132 0.970536787790456 -0.79391905728209 0.61104329203389
20.1928934 -1.98174915241888 0.964240395861924 -0.79391905728209 0.619392230795914
20.2840843 -1.97349582684229 0.955845206623882 -0.79391905728209 0.606855539099425
20.4314145 -1.96730583265985 0.94954881469535 -0.79391905728209 0.596679220445286
20.5255656 -1.95905250708326 0.941153625457308 -0.79391905728209 0.601385714284085
20.6218562 -1.95286251290082 0.934857233528776 -0.79391905728209 0.604235868032325
20.7173292 -1.94460918732424 0.926462044290734 -0.79391905728209 0.619039667749169
20.8098829 -1.9384191931418 0.920165652362202 -0.79391905728209 0.603088164395415
20.903632 -1.93016586756521 0.91177046312416 -0.79391905728209 0.608188153315339
20.9956277 -1.92397587338277 0.905474071195628 -0.79391905728209 0.595353180809655
21.0887776 -1.91572254780619 0.897078881957586 -0.79391905728209 0.589126922381054
21.1827631 -1.90953255362375 0.890782490029054 -0.79391905728209 0.575546471725033
21.2738005 -1.90127922804716 0.882387300791012 -0.79391905728209 0.576989641199101
21.366817 -1.89508923386472 0.87609090886248 -0.79391905728209 0.5656171114024
21.4600096 -1.88683590828813 0.867695719624438 -0.79391905728209 0.550885929065478
21.5529389 -1.88064591410569 0.861399327695906 -0.79391905728209 0.540932582190755
21.6466191 -1.87239258852911 0.853004138457864 -0.79391905728209 0.541916619863769
21.7375264 -1.86620259434667 0.846707746529332 -0.79391905728209 0.549965520776824
21.8321928 -1.85794926877008 0.83831255729129 -0.79391905728209 0.546341883588378
21.9265769 -1.85175927458764 0.832016165362758 -0.79391905728209 0.528413491618675
22.0201725 -1.84350594901105 0.823620976124716 -0.79391905728209 0.538283030471031
22.1316918 -1.83731595482861 0.817324584196184 -0.79391905728209 0.55775100556571
22.2873212 -1.82906262925203 0.808929394958142 -0.79391905728209 0.554588901107037
22.452172 -1.82287263506959 0.80263300302961 -0.79391905728209 0.56625173970843
22.5720101 -1.814619309493 0.794237813791568 -0.79391905728209 0.560179800180735
22.6850472 -1.80842931531056 0.787941421863037 -0.79391905728209 0.536213008388039
22.777722 -1.80017598973398 0.779546232624994 -0.79391905728209 0.538189027998055
22.8719154 -1.79398599555154 0.773249840696463 -0.79391905728209 0.54752865931778
22.9661302 -1.78573266997495 0.76485465145842 -0.79391905728209 0.552743944478158
23.0865833 -1.77954267579251 0.758558259529889 -0.79391905728209 0.561932872934451
23.2112979 -1.77128935021592 0.750163070291846 -0.79391905728209 0.537862412561749
23.3314949 -1.76509935603348 0.743866678363315 -0.79391905728209 0.52944949619919
23.4245635 -1.7568460304569 0.735471489125272 -0.79391905728209 0.516239191521883
23.5331825 -1.75065603627446 0.729175097196741 -0.79391905728209 0.526639461799519
23.6408492 -1.74240271069787 0.720779907958698 -0.79391905728209 0.536588409193354
23.7319417 -1.73621271651543 0.714483516030167 -0.79391905728209 0.540785827618141
23.8281378 -1.72795939093885 0.706088326792124 -0.79391905728209 0.528720780618756
23.9213245 -1.72176939675641 0.699791934863593 -0.79391905728209 0.530781249356591
24.0185679 -1.71351607117982 0.69139674562555 -0.79391905728209 0.51747148834158
24.1114394 -1.70732607699738 0.685100353697019 -0.79391905728209 0.507173453635303
24.2255508 -1.69907275142079 0.676705164458976 -0.79391905728209 0.520895253295386
24.3397101 -1.69288275723835 0.670408772530445 -0.79391905728209 0.531107412727136
24.431935 -1.68462943166177 0.662013583292402 -0.79391905728209 0.521169259163274
24.5267566 -1.67843943747933 0.655717191363871 -0.79391905728209 0.50466164510281
24.6250623 -1.67018611190274 0.647322002125828 -0.79391905728209 0.504408064650974
24.7562803 -1.6639961177203 0.641025610197297 -0.79391905728209 0.511437961501531
24.8563984 -1.65574279214371 0.632630420959254 -0.79391905728209 0.519244579039959
24.9495591 -1.64955279796127 0.626334029030723 -0.79391905728209 0.539595952537029
25.0416475 -1.64129947238469 0.61793883979268 -0.79391905728209 0.531437293207127
25.135403 -1.63510947820225 0.611642447864149 -0.79391905728209 0.530469845966131
25.2296631 -1.62685615262566 0.603247258626106 -0.79391905728209 0.531737767312677
25.3247341 -1.62066615844322 0.596950866697575 -0.79391905728209 0.519006098441303
25.4706257 -1.61241283286664 0.588555677459532 -0.79391905728209 0.518832758650426
25.7048686 -1.6062228386842 0.582259285531001 -0.79391905728209 0.517204027716942
25.8461305 -1.59796951310761 0.573864096292958 -0.79391905728209 0.519982838597336
25.9412916 -1.59177951892517 0.567567704364427 -0.79391905728209 0.519693887854375
26.0312812 -1.58352619334858 0.559172515126384 -0.79391905728209 0.492378815647911
26.1253895 -1.57733619916614 0.552876123197853 -0.79391905728209 0.494614338092856
26.2165162 -1.56908287358956 0.54448093395981 -0.79391905728209 0.497125140364562
26.3376236 -1.56289287940712 0.538184542031279 -0.79391905728209 0.484851601888007
26.4598732 -1.55463955383053 0.529789352793236 -0.79391905728209 0.493899776757069
26.5650847 -1.54844955964809 0.523492960864705 -0.79391905728209 0.482618828678899
26.7422798 -1.54019623407151 0.515097771626662 -0.79391905728209 0.45972325908851
26.8376514 -1.53400623988907 0.508801379698131 -0.79391905728209 0.446612050532644
26.9300247 -1.52575291431248 0.500406190460089 -0.79391905728209 0.435047879563339
27.0238995 -1.51956292013004 0.494109798531557 -0.79391905728209 0.436829063424369
27.1137577 -1.51130959455345 0.485714609293515 -0.79391905728209 0.425414877074996
27.2048617 -1.50511960037101 0.479418217364983 -0.79391905728209 0.421434528336609
27.3387748 -1.49686627479443 0.471023028126941 -0.79391905728209 0.396536463346367
27.4326432 -1.49067628061199 0.464726636198409 -0.79391905728209 0.397882962945405
27.5824235 -1.4824229550354 0.456331446960367 -0.79391905728209 0.387126140885506
27.6727252 -1.47623296085296 0.450035055031835 -0.79391905728209 0.386068718959164
27.7649378 -1.46797963527637 0.441639865793793 -0.79391905728209 0.364861855952607
27.8560948 -1.46178964109394 0.435343473865261 -0.79391905728209 0.358433968298435
27.946391 -1.45353631551735 0.426948284627219 -0.79391905728209 0.355432257311593
28.0365529 -1.44734632133491 0.420651892698687 -0.79391905728209 0.343418572689484
28.1757184 -1.43909299575832 0.412256703460645 -0.79391905728209 0.349551772907051
28.3673904 -1.43290300157588 0.405960311532113 -0.79391905728209 0.33519860098985
28.4681034 -1.4246496759993 0.397565122294071 -0.79391905728209 0.338017880845709
28.5581687 -1.41845968181686 0.391268730365539 -0.79391905728209 0.335363994545891
28.6503786 -1.41020635624027 0.382873541127497 -0.79391905728209 0.328650475529027
28.7426168 -1.40401636205783 0.376577149198965 -0.79391905728209 0.333569799925087
28.8617249 -1.39576303648124 0.368181959960923 -0.79391905728209 0.338980787366543
28.9618498 -1.3895730422988 0.361885568032391 -0.79391905728209 0.334122833082782
29.0826177 -1.38131971672222 0.353490378794349 -0.79391905728209 0.327795805978012
29.171373 -1.37512972253978 0.347193986865817 -0.79391905728209 0.332906038070865
29.25948 -1.36687639696319 0.338798797627775 -0.79391905728209 0.334277258032311
29.3486665 -1.36068640278075 0.332502405699244 -0.79391905728209 0.338649244804783
29.4377327 -1.35243307720417 0.324107216461201 -0.79391905728209 0.339240948370641
29.5659071 -1.34624308302173 0.31781082453267 -0.79391905728209 0.341832708201599
29.7162027 -1.33798975744514 0.309415635294627 -0.79391905728209 0.327481192274539
29.8473531 -1.3317997632627 0.303119243366096 -0.79391905728209 0.316310116199767
29.9375967 -1.32354643768611 0.294724054128053 -0.79391905728209 0.305111351456929
30.0286644 -1.31735644350367 0.288427662199522 -0.79391905728209 0.296945447916261
30.1157266 -1.30910311792709 0.28003247296148 -0.79391905728209 0.296672133319557
30.2037943 -1.30291312374465 0.273736081032948 -0.79391905728209 0.286672524275869
30.2943608 -1.29465979816806 0.265340891794906 -0.79391905728209 0.283408496458132
30.4487893 -1.28846980398562 0.259044499866374 -0.79391905728209 0.272106549157998
30.6700139 -1.28021647840904 0.250649310628332 -0.79391905728209 0.269009647790521
30.7875021 -1.2740264842266 0.2443529186998 -0.79391905728209 0.272225363871196
30.879269 -1.26577315865001 0.235957729461758 -0.79391905728209 0.272266128685418
31.0531176 -1.25958316446757 0.229661337533226 -0.79391905728209 0.271634930569113
31.1422784 -1.25132983889098 0.221266148295184 -0.79391905728209 0.276413083755426
31.2319695 -1.24513984470854 0.214969756366652 -0.79391905728209 0.260834465034449
31.3515257 -1.23688651913196 0.20657456712861 -0.79391905728209 0.265731026515271
31.4428564 -1.23069652494952 0.200278175200078 -0.79391905728209 0.26146831589742
31.5357211 -1.22244319937293 0.191882985962036 -0.79391905728209 0.255553208054134
31.6239222 -1.21625320519049 0.185586594033504 -0.79391905728209 0.249700981286826
31.7116892 -1.2079998796139 0.177191404795462 -0.79391905728209 0.251533013097859
31.8014038 -1.20180988543146 0.17089501286693 -0.79391905728209 0.242496887027103
31.8911201 -1.19355655985488 0.162499823628888 -0.79391905728209 0.242717731495594
32.0460139 -1.18736656567244 0.156203431700356 -0.79391905728209 0.24671599325573
32.1914154 -1.17911324009585 0.147808242462314 -0.79391905728209 0.250935563684097
32.4061102 -1.17292324591341 0.141511850533782 -0.79391905728209 0.247684296328726
32.5473918 -1.16466992033683 0.13311666129574 -0.79391905728209 0.247162441870771
32.6365885 -1.15847992615439 0.126820269367209 -0.79391905728209 0.244049926396508
32.7247344 -1.1502266005778 0.118425080129166 -0.79391905728209 0.248367375783011
32.8157858 -1.14403660639536 0.112128688200635 -0.79391905728209 0.243100473775754
32.996681 -1.13578328081877 0.103733498962592 -0.79391905728209 0.235906261842703
33.1253074 -1.12959328663633 0.0974371070340607 -0.79391905728209 0.236461430670672
33.2134392 -1.12133996105975 0.0890419177960184 -0.79391905728209 0.23448445096837
33.3414951 -1.11514996687731 0.0827455258674868 -0.79391905728209 0.229455413765739
33.4311964 -1.10689664130072 0.0743503366294445 -0.79391905728209 0.22106106377084
33.5234547 -1.10070664711828 0.0680539447009128 -0.79391905728209 0.216971478993834
33.6106538 -1.0924533215417 0.0596587554628706 -0.79391905728209 0.222860867697147
33.6982776 -1.08626332735926 0.0533623635343389 -0.79391905728209 0.216686191596758
33.785608 -1.07801000178267 0.0449671742962967 -0.79391905728209 0.214412710251184
33.8730923 -1.07182000760023 0.038670782367765 -0.79391905728209 0.208873791974543
33.9582096 -1.06356668202364 0.0302755931297227 -0.79391905728209 0.213017283267568
34.0453925 -1.0573766878412 0.023979201201191 -0.79391905728209 0.207933184092234
34.1367048 -1.04912336226462 0.0155840119631488 -0.79391905728209 0.213449626248645
34.2273953 -1.04293336808218 0.00928762003461712 -0.79391905728209 0.208822899068366
34.3180742 -1.03468004250559 0.000892430796574872 -0.79391905728209 0.206165444449931
34.4040306 -1.02849004832315 -0.00540396113195681 -0.79391905728209 0.202841713114777
34.5371666 -1.02023672274656 -0.0137991503699991 -0.79391905728209 0.205309906537664
34.6262298 -1.01404672856413 -0.0200955422985307 -0.79391905728209 0.200637106300691
34.7133246 -1.00579340298754 -0.028490731536573 -0.79391905728209 0.206033913028879
34.8424313 -0.999603408805099 -0.0347871234651047 -0.79391905728209 0.20304305649334
34.9593309 -0.991350083228513 -0.0431823127031469 -0.79391905728209 0.198846859493538
35.0484224 -0.985160089046073 -0.0494787046316786 -0.79391905728209 0.198114485889337
35.1342749 -0.976906763469487 -0.0578738938697208 -0.79391905728209 0.199991623154798
35.2261157 -0.970716769287047 -0.0641702857982525 -0.79391905728209 0.202751192817866
35.2368511 -0.970716769287047 -0.0641702857982525 -0.79391905728209 0.202751192817866
35.2479051 -0.970716769287047 -0.0641702857982525 -0.79391905728209 0.202751192817866
35.2584224 -0.970716769287047 -0.0641702857982525 -0.79391905728209 0.202751192817866
35.2692866 -0.970716769287047 -0.0641702857982525 -0.79391905728209 0.202751192817866
35.2802786 -0.970716769287047 -0.0641702857982525 -0.79391905728209 0.202751192817866
35.2909058 -0.970716769287047 -0.0641702857982525 -0.79391905728209 0.202751192817866
35.302062 -0.970716769287047 -0.0641702857982525 -0.79391905728209 0.202751192817866
35.3131506 -0.970716769287047 -0.0641702857982525 -0.79391905728209 0.202751192817866
35.3243115 -0.970716769287047 -0.0641702857982525 -0.79391905728209 0.202751192817866
35.3358428 -0.970716769287047 -0.0641702857982525 -0.79391905728209 0.202751192817866
35.347392 -0.970716769287047 -0.0641702857982525 -0.79391905728209 0.202751192817866
35.3584371 -0.970716769287047 -0.0641702857982525 -0.79391905728209 0.202751192817866
35.3704584 -0.970716769287047 -0.0641702857982525 -0.79391905728209 0.202751192817866
35.3823819 -0.970716769287047 -0.0641702857982525 -0.79391905728209 0.202751192817866
35.3938943 -0.970716769287047 -0.0641702857982525 -0.79391905728209 0.202751192817866
35.4050698 -0.970716769287047 -0.0641702857982525 -0.79391905728209 0.202751192817866
35.41713 -0.970716769287047 -0.0641702857982525 -0.79391905728209 0.202751192817866
35.4291129 -0.970716769287047 -0.0641702857982525 -0.79391905728209 0.202751192817866
35.4406946 -0.970716769287047 -0.0641702857982525 -0.79391905728209 0.202751192817866
35.4516657 -0.970716769287047 -0.0641702857982525 -0.79391905728209 0.202751192817866
35.4641604 -0.970716769287047 -0.0641702857982525 -0.79391905728209 0.202751192817866
35.4751708 -0.970716769287047 -0.0641702857982525 -0.79391905728209 0.202751192817866
35.4872576 -0.970716769287047 -0.0641702857982525 -0.79391905728209 0.202751192817866
35.4983916 -0.970716769287047 -0.0641702857982525 -0.79391905728209 0.202751192817866
35.5097283 -0.970716769287047 -0.0641702857982525 -0.79391905728209 0.202751192817866
35.5212232 -0.970716769287047 -0.0641702857982525 -0.79391905728209 0.202751192817866
35.5323777 -0.970716769287047 -0.0641702857982525 -0.79391905728209 0.202751192817866
35.5434723 -0.970716769287047 -0.0641702857982525 -0.79391905728209 0.202751192817866
35.5554253 -0.970716769287047 -0.0641702857982525 -0.79391905728209 0.202751192817866
35.5664327 -0.970716769287047 -0.0641702857982525 -0.79391905728209 0.202751192817866
35.5784224 -0.970716769287047 -0.0641702857982525 -0.79391905728209 0.202751192817866
35.5902898 -0.970716769287047 -0.0641702857982525 -0.79391905728209 0.202751192817866
35.6010718 -0.970716769287047 -0.0641702857982525 -0.79391905728209 0.202751192817866
35.6117871 -0.970716769287047 -0.0641702857982525 -0.79391905728209 0.202751192817866
35.622626 -0.970716769287047 -0.0641702857982525 -0.79391905728209 0.202751192817866
35.6333182 -0.970716769287047 -0.0641702857982525 -0.79391905728209 0.202751192817866
35.6440874 -0.970716769287047 -0.0641702857982525 -0.79391905728209 0.202751192817866
35.6554057 -0.970716769287047 -0.0641702857982525 -0.79391905728209 0.202751192817866
35.6666551 -0.970716769287047 -0.0641702857982525 -0.79391905728209 0.202751192817866
35.6783399 -0.970716769287047 -0.0641702857982525 -0.79391905728209 0.202751192817866
35.6898849 -0.970716769287047 -0.0641702857982525 -0.79391905728209 0.202751192817866
35.7013978 -0.970716769287047 -0.0641702857982525 -0.79391905728209 0.202751192817866
35.7134153 -0.970716769287047 -0.0641702857982525 -0.79391905728209 0.202751192817866
35.7244197 -0.970716769287047 -0.0641702857982525 -0.79391905728209 0.202751192817866
35.7362413 -0.970716769287047 -0.0641702857982525 -0.79391905728209 0.202751192817866
35.7473847 -0.970716769287047 -0.0641702857982525 -0.79391905728209 0.202751192817866
35.7594129 -0.970716769287047 -0.0641702857982525 -0.79391905728209 0.202751192817866
35.7711888 -0.970716769287047 -0.0641702857982525 -0.79391905728209 0.202751192817866
35.7825306 -0.970716769287047 -0.0641702857982525 -0.79391905728209 0.202751192817866
35.793588 -0.970716769287047 -0.0641702857982525 -0.79391905728209 0.202751192817866
35.8052553 -0.970716769287047 -0.0641702857982525 -0.79391905728209 0.202751192817866
35.8170615 -0.970716769287047 -0.0641702857982525 -0.79391905728209 0.202751192817866
35.8289554 -0.970716769287047 -0.0641702857982525 -0.79391905728209 0.202751192817866
35.8399633 -0.970716769287047 -0.0641702857982525 -0.79391905728209 0.202751192817866
35.8519714 -0.970716769287047 -0.0641702857982525 -0.79391905728209 0.202751192817866
35.8639782 -0.970716769287047 -0.0641702857982525 -0.79391905728209 0.202751192817866
35.8760543 -0.970716769287047 -0.0641702857982525 -0.79391905728209 0.202751192817866
35.8879927 -0.970716769287047 -0.0641702857982525 -0.79391905728209 0.202751192817866
35.8994778 -0.970716769287047 -0.0641702857982525 -0.79391905728209 0.202751192817866
35.9103778 -0.970716769287047 -0.0641702857982525 -0.79391905728209 0.202751192817866
35.922187 -0.970716769287047 -0.0641702857982525 -0.79391905728209 0.202751192817866
35.933197 -0.970716769287047 -0.0641702857982525 -0.79391905728209 0.202751192817866
35.9443507 -0.970716769287047 -0.0641702857982525 -0.79391905728209 0.202751192817866
35.9559345 -0.970716769287047 -0.0641702857982525 -0.79391905728209 0.202751192817866
35.9675902 -0.970716769287047 -0.0641702857982525 -0.79391905728209 0.202751192817866
35.9790206 -0.970716769287047 -0.0641702857982525 -0.79391905728209 0.202751192817866
35.9909136 -0.970716769287047 -0.0641702857982525 -0.79391905728209 0.202751192817866
36.0019257 -0.970716769287047 -0.0641702857982525 -0.79391905728209 0.202751192817866
36.0144162 -0.970716769287047 -0.0641702857982525 -0.79391905728209 0.202751192817866
36.0254446 -0.970716769287047 -0.0641702857982525 -0.79391905728209 0.202751192817866
36.0365875 -0.970716769287047 -0.0641702857982525 -0.79391905728209 0.202751192817866
36.0482633 -0.970716769287047 -0.0641702857982525 -0.79391905728209 0.202751192817866
36.0603382 -0.970716769287047 -0.0641702857982525 -0.79391905728209 0.202751192817866
36.0713515 -0.970716769287047 -0.0641702857982525 -0.79391905728209 0.202751192817866
36.082571 -0.970716769287047 -0.0641702857982525 -0.79391905728209 0.202751192817866
36.0935716 -0.970716769287047 -0.0641702857982525 -0.79391905728209 0.202751192817866
36.1050349 -0.970716769287047 -0.0641702857982525 -0.79391905728209 0.202751192817866
36.11602 -0.970716769287047 -0.0641702857982525 -0.79391905728209 0.202751192817866
36.1277241 -0.970716769287047 -0.0641702857982525 -0.79391905728209 0.202751192817866
36.1387323 -0.970716769287047 -0.0641702857982525 -0.79391905728209 0.202751192817866
