0.0010003 -3 2 -0.8 7.88512993575418
0.0120145 -3 2 -0.8 7.88512993575418
0.0230638 -3 2 -0.8 7.88512993575418
0.0341721 -3 2 -0.8 7.88512993575418
0.0452706 -3 2 -0.8 7.88512993575418
0.0564037 -3 2 -0.8 7.88512993575418
0.0685564 -3 2 -0.8 7.88512993575418
0.0798747 -3 2 -0.8 7.88512993575418
0.091846 -3 2 -0.8 7.88512993575418
0.1032212 -3 2 -0.8 7.88512993575418
0.1154863 -3 2 -0.8 7.88512993575418
0.1264924 -3 2 -0.8 7.88512993575418
0.1385112 -3 2 -0.8 7.88512993575418
0.1505954 -3 2 -0.8 7.88512993575418
0.162633 -3 2 -0.8 7.88512993575418
0.1737063 -3 2 -0.8 7.88512993575418
0.1853102 -3 2 -0.8 7.88512993575418
0.1963099 -3 2 -0.8 7.88512993575418
0.2083595 -3 2 -0.8 7.88512993575418
0.2192916 -3 2 -0.8 7.88512993575418
0.2315974 -3 2 -0.8 7.88512993575418
0.2425727 -3 2 -0.8 7.88512993575418
0.2544987 -3 2 -0.8 7.88512993575418
0.2655112 -3 2 -0.8 7.88512993575418
0.2770314 -3 2 -0.8 7.88512993575418
0.28885 -3 2 -0.8 7.88512993575418
0.3005857 -3 2 -0.8 7.88512993575418
0.3116756 -3 2 -0.8 7.88512993575418
0.3236812 -3 2 -0.8 7.88512993575418
0.3347989 -3 2 -0.8 7.88512993575418
0.3463361 -3 2 -0.8 7.88512993575418
0.3572336 -3 2 -0.8 7.88512993575418
0.3685293 -3 2 -0.8 7.88512993575418
0.3796812 -3 2 -0.8 7.88512993575418
0.3912112 -3 2 -0.8 7.88512993575418
0.4022181 -3 2 -0.8 7.88512993575418
0.4142699 -3 2 -0.8 7.88512993575418
0.4253611 -3 2 -0.8 7.88512993575418
0.4364869 -3 2 -0.8 7.88512993575418
0.4477911 -3 2 -0.8 7.88512993575418
0.4589892 -3 2 -0.8 7.88512993575418
0.4702793 -3 2 -0.8 7.88512993575418
0.4818743 -3 2 -0.8 7.88512993575418
0.4938058 -3 2 -0.8 7.88512993575418
0.5058978 -3 2 -0.8 7.88512993575418
0.5172849 -3 2 -0.8 7.88512993575418
0.5292939 -3 2 -0.8 7.88512993575418
0.5402824 -3 2 -0.8 7.88512993575418
0.5524004 -3 2 -0.8 7.88512993575418
0.5634095 -3 2 -0.8 7.88512993575418
0.5755207 -3 2 -0.8 7.88512993575418
0.586659 -3 2 -0.8 7.88512993575418
0.5983549 -3 2 -0.8 7.88512993575418
0.6093965 -3 2 -0.8 7.88512993575418
0.6208713 -3 2 -0.8 7.88512993575418
0.6329957 -3 2 -0.8 7.88512993575418
0.6443551 -3 2 -0.8 7.88512993575418
0.6562554 -3 2 -0.8 7.88512993575418
0.6682832 -3 2 -0.8 7.88512993575418
0.6793693 -3 2 -0.8 7.88512993575418
0.6906717 -3 2 -0.8 7.88512993575418
0.7024758 -3 2 -0.8 7.88512993575418
0.7146772 -3 2 -0.8 7.88512993575418
0.7256851 -3 2 -0.8 7.88512993575418
0.7377744 -3 2 -0.8 7.88512993575418
0.7488614 -3 2 -0.8 7.88512993575418
0.7600334 -3 2 -0.8 7.88512993575418
0.7712593 -3 2 -0.8 7.88512993575418
0.7828564 -3 2 -0.8 7.88512993575418
0.794392 -3 2 -0.8 7.88512993575418
0.8063997 -3 2 -0.8 7.88512993575418
0.8176286 -3 2 -0.8 7.88512993575418
0.8287903 -3 2 -0.8 7.88512993575418
0.8397135 -3 2 -0.8 7.88512993575418
0.8520355 -3 2 -0.8 7.88512993575418
0.8630433 -3 2 -0.8 7.88512993575418
0.8742226 -3 2 -0.8 7.88512993575418
0.8855717 -3 2 -0.8 7.88512993575418
0.8973219 -3 2 -0.8 7.88512993575418
0.9084178 -3 2 -0.8 7.88512993575418
0.9205444 -3 2 -0.8 7.88512993575418
0.9325525 -3 2 -0.8 7.88512993575418
0.9445662 -3 2 -0.8 7.88512993575418
0.9555731 -3 2 -0.8 7.88512993575418
0.9678708 -3 2 -0.8 7.88512993575418
0.9789059 -3 2 -0.8 7.88512993575418
0.990486 -3 2 -0.8 7.88512993575418
1.001729 -3 2 -0.8 7.88512993575418
1.0137375 -3 2 -0.8 7.88512993575418
1.0247714 -3 2 -0.8 7.88512993575418
1.0367539 -3 2 -0.8 7.88512993575418
1.0487628 -3 2 -0.8 7.88512993575418
1.0607701 -3 2 -0.8 7.88512993575418
1.0717779 -3 2 -0.8 7.88512993575418
1.0836692 -3 2 -0.8 7.88512993575418
1.09429 -3 2 -0.8 7.88512993575418
1.1052624 -3 2 -0.8 7.88512993575418
1.1163061 -3 2 -0.8 7.88512993575418
1.1274012 -3 2 -0.8 7.88512993575418
1.1386061 -3 2 -0.8 7.88512993575418
1.1502298 -3 2 -0.8 7.88512993575418
1.1616434 -3 2 -0.8 7.88512993575418
1.1737892 -3 2 -0.8 7.88512993575418
1.1847804 -3 2 -0.8 7.88512993575418
1.1966512 -3 2 -0.8 7.88512993575418
1.2076607 -3 2 -0.8 7.88512993575418
1.2196748 -3 2 -0.8 7.88512993575418
1.2311235 -3 2 -0.8 7.88512993575418
1.2431325 -3 2 -0.8 7.88512993575418
1.2543995 -3 2 -0.8 7.88512993575418
1.2665171 -3 2 -0.8 7.88512993575418
1.2779465 -3 2 -0.8 7.88512993575418
1.2892593 -3 2 -0.8 7.88512993575418
1.3005062 -3 2 -0.8 7.88512993575418
1.3124001 -3 2 -0.8 7.88512993575418
1.3234323 -3 2 -0.8 7.88512993575418
1.3354164 -3 2 -0.8 7.88512993575418
1.3464238 -3 2 -0.8 7.88512993575418
1.3584285 -3 2 -0.8 7.88512993575418
1.369707 -3 2 -0.8 7.88512993575418
1.3813815 -3 2 -0.8 7.88512993575418
1.3928183 -3 2 -0.8 7.88512993575418
1.4048311 -3 2 -0.8 7.88512993575418
1.4159219 -3 2 -0.8 7.88512993575418
1.4279578 -3 2 -0.8 7.88512993575418
1.4393586 -3 2 -0.8 7.88512993575418
1.4506534 -3 2 -0.8 7.88512993575418
1.461763 -3 2 -0.8 7.88512993575418
1.4737459 -3 2 -0.8 7.88512993575418
1.4848704 -3 2 -0.8 7.88512993575418
1.4965206 -3 2 -0.8 7.88512993575418
1.507442 -3 2 -0.8 7.88512993575418
1.5194219 -3 2 -0.8 7.88512993575418
1.5314574 -3 2 -0.8 7.88512993575418
1.5434663 -3 2 -0.8 7.88512993575418
1.7145772 -2.99897152973316 1.99894746945064 -0.79391905728209 8.09236768442979
1.7996731 -2.99278153555072 1.9926510775221 -0.79391905728209 8.26151037616285
1.9409542 -2.98452820997413 1.98425588828406 -0.79391905728209 7.65444260366737
2.1251393 -2.97833821579169 1.97795949635553 -0.79391905728209 7.09703069836719
2.224252 -2.97008489021511 1.96956430711749 -0.79391905728209 6.58551426283654
2.3124522 -2.96389489603267 1.96326791518896 -0.79391905728209 6.29238147156579
2.4005409 -2.95564157045608 1.95487272595091 -0.79391905728209 5.9182931399282
2.490326 -2.94945157627364 1.94857633402238 -0.79391905728209 5.81439939749126
2.6154636 -2.94119825069705 1.94018114478434 -0.79391905728209 5.64011680644164
2.7104088 -2.93500825651461 1.93388475285581 -0.79391905728209 5.26566546444769
2.8002256 -2.92675493093803 1.92548956361777 -0.79391905728209 5.10538519685848
2.8883211 -2.92056493675559 1.91919317168923 -0.79391905728209 4.77498910953539
2.9824974 -2.912311611179 1.91079798245119 -0.79391905728209 4.61069789929946
3.1177721 -2.90612161699656 1.90450159052266 -0.79391905728209 4.56399484312396
3.2131052 -2.89786829141998 1.89610640128462 -0.79391905728209 4.45936735293374
3.3072823 -2.89167829723754 1.88981000935609 -0.79391905728209 4.25377886316936
3.3995372 -2.88342497166095 1.88141482011804 -0.79391905728209 4.01028386896884
3.4947031 -2.87723497747851 1.87511842818951 -0.79391905728209 3.7033751662933
3.5853426 -2.86898165190192 1.86672323895147 -0.79391905728209 3.67179239939935
3.7229502 -2.86279165771948 1.86042684702294 -0.79391905728209 3.49017783860711
3.813775 -2.8545383321429 1.8520316577849 -0.79391905728209 3.34199822617541
3.9061239 -2.84834833796046 1.84573526585636 -0.79391905728209 3.1654744662027
4.0234111 -2.84009501238387 1.83734007661832 -0.79391905728209 3.01217992974405
4.1248228 -2.83390501820143 1.83104368468979 -0.79391905728209 3.19708108645486
4.2173839 -2.82565169262484 1.82264849545175 -0.79391905728209 3.0521050087271
4.3094848 -2.8194616984424 1.81635210352322 -0.79391905728209 3.11178797707994
4.4027283 -2.81120837286582 1.80795691428517 -0.79391905728209 3.02408976959232
4.4973797 -2.80501837868338 1.80166052235664 -0.79391905728209 3.05194969369008
4.5917331 -2.79676505310679 1.7932653331186 -0.79391905728209 3.11505365689859
4.7162771 -2.79057505892435 1.78696894119007 -0.79391905728209 3.05918928124513
4.8093877 -2.78232173334776 1.77857375195203 -0.79391905728209 3.01382245852805
4.9034887 -2.77613173916532 1.77227736002349 -0.79391905728209 3.12382328351883
4.9949853 -2.76787841358874 1.76388217078545 -0.79391905728209 3.08449291313407
5.0885958 -2.7616884194063 1.75758577885692 -0.79391905728209 3.16449138485353
5.3074128 -2.75343509382971 1.74919058961888 -0.79391905728209 3.21367671188695
5.4847276 -2.74724509964727 1.74289419769035 -0.79391905728209 3.15916233206541
5.6168167 -2.73899177407069 1.7344990084523 -0.79391905728209 3.21185110213651
5.7688033 -2.73280177988825 1.72820261652377 -0.79391905728209 2.9787685433176
5.8617142 -2.72454845431166 1.71980742728573 -0.79391905728209 3.0625258164535
5.9553255 -2.71835846012922 1.7135110353572 -0.79391905728209 3.00624911748886
6.0505928 -2.71010513455263 1.70511584611916 -0.79391905728209 2.7744158539182
6.1476497 -2.70391514037019 1.69881945419062 -0.79391905728209 2.64969364978826
6.2397459 -2.69566181479361 1.69042426495258 -0.79391905728209 2.44257501684193
6.3347078 -2.68947182061117 1.68412787302405 -0.79391905728209 2.50403779006969
6.429647 -2.68121849503458 1.67573268378601 -0.79391905728209 2.51037900667601
6.5257597 -2.67502850085214 1.66943629185748 -0.79391905728209 2.33060528258407
6.6938167 -2.66677517527555 1.66104110261943 -0.79391905728209 2.20435779677059
6.8080739 -2.66058518109311 1.6547447106909 -0.79391905728209 2.21219949233413
6.9161237 -2.65233185551653 1.64634952145286 -0.79391905728209 2.311959587106
7.0123716 -2.64614186133409 1.64005312952433 -0.79391905728209 2.31534745985262
7.1088995 -2.6378885357575 1.63165794028629 -0.79391905728209 2.16206489538764
7.2816402 -2.63169854157506 1.62536154835775 -0.79391905728209 1.94760503705282
7.4717119 -2.62344521599847 1.61696635911971 -0.79391905728209 2.16583788920424
7.5887288 -2.61725522181604 1.61066996719118 -0.79391905728209 2.34229930920731
7.6900208 -2.60900189623945 1.60227477795314 -0.79391905728209 2.37975308485241
7.7838708 -2.60281190205701 1.59597838602461 -0.79391905728209 2.53859798290679
7.8771649 -2.59455857648042 1.58758319678656 -0.79391905728209 2.53913555076285
7.9711911 -2.58836858229798 1.58128680485803 -0.79391905728209 2.59919303285573
8.0640925 -2.5801152567214 1.57289161561999 -0.79391905728209 2.56314551975806
8.1552816 -2.57392526253896 1.56659522369146 -0.79391905728209 2.70122848011939
8.2478803 -2.56567193696237 1.55820003445342 -0.79391905728209 2.74317075312051
8.3422123 -2.55948194277993 1.55190364252488 -0.79391905728209 2.68214209827515
8.5177151 -2.55122861720334 1.54350845328684 -0.79391905728209 2.68307816084392
8.6197718 -2.5450386230209 1.53721206135831 -0.79391905728209 2.61749118009493
8.7186707 -2.53678529744432 1.52881687212027 -0.79391905728209 2.6512973307025
8.8137639 -2.53059530326188 1.52252048019174 -0.79391905728209 2.80131086274397
8.9090713 -2.52234197768529 1.51412529095369 -0.79391905728209 2.81081083997034
9.0078778 -2.51615198350285 1.50782889902516 -0.79391905728209 2.83245592966525
9.1234625 -2.50789865792626 1.49943370978712 -0.79391905728209 2.99293316145844
9.2515594 -2.50170866374382 1.49313731785859 -0.79391905728209 3.10515895934692
9.3586415 -2.49345533816724 1.48474212862055 -0.79391905728209 3.003884042065
9.450919 -2.4872653439848 1.47844573669201 -0.79391905728209 3.03236506408714
9.5452159 -2.47901201840821 1.47005054745397 -0.79391905728209 3.12619698686638
9.7190444 -2.47282202422577 1.46375415552544 -0.79391905728209 3.24794676216192
9.8841994 -2.46456869864919 1.4553589662874 -0.79391905728209 3.1991176551832
10.0664686 -2.45837870446675 1.44906257435887 -0.79391905728209 3.0590591921309
10.1605307 -2.45012537889016 1.44066738512082 -0.79391905728209 2.8048201056042
10.4008047 -2.44393538470772 1.43437099319229 -0.79391905728209 2.76700792801541
10.5643701 -2.43568205913113 1.42597580395425 -0.79391905728209 2.81047065531169
10.6588008 -2.42949206494869 1.41967941202572 -0.79391905728209 2.42697952389698
10.7521859 -2.42123873937211 1.41128422278768 -0.79391905728209 2.27442475878833
10.9223679 -2.41504874518967 1.40498783085914 -0.79391905728209 2.22876095967114
11.1487325 -2.40679541961308 1.3965926416211 -0.79391905728209 2.15396375431067
11.3686648 -2.40060542543064 1.39029624969257 -0.79391905728209 2.28053079917015
11.4637529 -2.39235209985405 1.38190106045453 -0.79391905728209 2.45328197133514
11.5579993 -2.38616210567161 1.375604668526 -0.79391905728209 2.38437120535389
11.6517723 -2.37790878009503 1.36720947928795 -0.79391905728209 2.39213529892103
11.7442983 -2.37171878591259 1.36091308735942 -0.79391905728209 2.35082546442799
11.8355071 -2.363465460336 1.35251789812138 -0.79391905728209 2.21051714106235
11.9263892 -2.35727546615356 1.34622150619285 -0.79391905728209 2.10532147877288
12.073119 -2.34902214057697 1.33782631695481 -0.79391905728209 2.21137478444858
12.182817 -2.34283214639453 1.33152992502627 -0.79391905728209 2.05758449476339
12.2850097 -2.33457882081795 1.32313473578823 -0.79391905728209 2.14182495267936
12.3858531 -2.32838882663551 1.3168383438597 -0.79391905728209 2.07620730457942
12.4809659 -2.32013550105892 1.30844315462166 -0.79391905728209 1.81933239829702
12.5788094 -2.31394550687648 1.30214676269313 -0.79391905728209 1.53630661009012
12.6708252 -2.3056921812999 1.29375157345508 -0.79391905728209 1.34137671998539
12.7618368 -2.29950218711746 1.28745518152655 -0.79391905728209 1.27670853981288
12.8580231 -2.29124886154087 1.27905999228851 -0.79391905728209 1.49970483297967
12.9512123 -2.28505886735843 1.27276360035998 -0.79391905728209 1.45765584897975
13.0782286 -2.27680554178184 1.26436841112194 -0.79391905728209 1.44156882106599
13.2031887 -2.2706155475994 1.2580720191934 -0.79391905728209 1.48058365623514
13.3209968 -2.26236222202282 1.24967682995536 -0.79391905728209 1.46303274956176
13.4138623 -2.25617222784038 1.24338043802683 -0.79391905728209 1.34287157123458
13.5095285 -2.24791890226379 1.23498524878879 -0.79391905728209 1.36187933399735
13.6867784 -2.24172890808135 1.22868885686026 -0.79391905728209 1.29442249839077
13.8337477 -2.23347558250476 1.22029366762221 -0.79391905728209 1.43607931271072
13.9267988 -2.22728558832232 1.21399727569368 -0.79391905728209 1.62164178747353
14.0209974 -2.21903226274574 1.20560208645564 -0.79391905728209 1.58812117128988
14.1162479 -2.2128422685633 1.19930569452711 -0.79391905728209 1.62268591069875
14.214005 -2.20458894298671 1.19091050528907 -0.79391905728209 1.39512322406708
14.3060302 -2.19839894880427 1.18461411336053 -0.79391905728209 1.4559891287265
14.4008214 -2.19014562322768 1.17621892412249 -0.79391905728209 1.39690759741202
14.5747129 -2.18395562904524 1.16992253219396 -0.79391905728209 1.33408606145247
14.7387589 -2.17570230346866 1.16152734295592 -0.79391905728209 1.29306713411815
14.8480057 -2.16951230928622 1.15523095102739 -0.79391905728209 1.02134460509679
14.9430249 -2.16125898370963 1.14683576178934 -0.79391905728209 0.937814728891005
15.0342726 -2.15506898952719 1.14053936986081 -0.79391905728209 0.806457819476457
15.1282825 -2.14681566395061 1.13214418062277 -0.79391905728209 0.933558065934517
15.223525 -2.14062566976817 1.12584778869424 -0.79391905728209 1.07405356650753
15.3346043 -2.13237234419158 1.1174525994562 -0.79391905728209 1.0482871606282
15.4406831 -2.12618235000914 1.11115620752766 -0.79391905728209 0.87400918532702
15.5427607 -2.11792902443255 1.10276101828962 -0.79391905728209 0.842188335911552
15.6448349 -2.11173903025011 1.09646462636109 -0.79391905728209 0.768994682858397
15.7479141 -2.10348570467353 1.08806943712305 -0.79391905728209 0.90252749079981
15.847005 -2.09729571049109 1.08177304519452 -0.79391905728209 0.764533394678007
15.9430809 -2.0890423849145 1.07337785595647 -0.79391905728209 0.598634991252248
16.0591668 -2.08285239073206 1.06708146402794 -0.79391905728209 0.644200834026501
16.1602647 -2.07459906515547 1.0586862747899 -0.79391905728209 0.683548681500585
16.2693293 -2.06840907097303 1.05238988286137 -0.79391905728209 0.794428886570958
16.3804296 -2.06015574539645 1.04399469362333 -0.79391905728209 0.795136556998398
16.4955327 -2.05396575121401 1.03769830169479 -0.79391905728209 0.828647168422092
16.5996118 -2.04571242563742 1.02930311245675 -0.79391905728209 0.981666003877353
16.7016941 -2.03952243145498 1.02300672052822 -0.79391905728209 1.00556091813295
16.7997663 -2.03126910587839 1.01461153129018 -0.79391905728209 1.03334169705217
16.9139055 -2.02507911169595 1.00831513936165 -0.79391905728209 0.892449875080602
17.0139817 -2.01682578611937 0.999919950123604 -0.79391905728209 0.757036444290348
17.1261049 -2.01063579193693 0.993623558195072 -0.79391905728209 0.631238401783103
17.2322059 -2.00238246636034 0.98522836895703 -0.79391905728209 0.357488720042242
17.3422683 -1.9961924721779 0.978931977028498 -0.79391905728209 0.259295205003543
17.4583601 -1.98793914660132 0.970536787790456 -0.79391905728209 0.258726303459346
17.5624593 -1.98174915241888 0.964240395861924 -0.79391905728209 0.256144920811164
17.6705391 -1.97349582684229 0.955845206623882 -0.79391905728209 0.252318892227477
17.7796204 -1.96730583265985 0.94954881469535 -0.79391905728209 0.251682394330494
17.8957105 -1.95905250708326 0.941153625457308 -0.79391905728209 0.248084757717379
18.0088062 -1.95286251290082 0.934857233528776 -0.79391905728209 0.247766593116531
18.1249503 -1.94460918732424 0.926462044290734 -0.79391905728209 0.247581704981584
18.2290853 -1.9384191931418 0.920165652362202 -0.79391905728209 0.245724245333686
18.3321816 -1.93016586756521 0.91177046312416 -0.79391905728209 0.239399581576208
18.4352749 -1.92397587338277 0.905474071195628 -0.79391905728209 0.233559111970634
18.5403547 -1.91572254780619 0.897078881957586 -0.79391905728209 0.239507869069068
18.6563751 -1.90953255362375 0.890782490029054 -0.79391905728209 0.238128610988675
18.7684629 -1.90127922804716 0.882387300791012 -0.79391905728209 0.238268400245951
18.8675384 -1.89508923386472 0.87609090886248 -0.79391905728209 0.233664058653581
18.9763926 -1.88683590828813 0.867695719624438 -0.79391905728209 0.233023874932235
19.0675548 -1.88064591410569 0.861399327695906 -0.79391905728209 0.230869648757519
19.1575221 -1.87239258852911 0.853004138457864 -0.79391905728209 0.22908873907479
19.2501178 -1.86620259434667 0.846707746529332 -0.79391905728209 0.230169947398191
19.3424911 -1.85794926877008 0.83831255729129 -0.79391905728209 0.235346856594758
19.4363526 -1.85175927458764 0.832016165362758 -0.79391905728209 0.234940255167656
19.5302847 -1.84350594901105 0.823620976124716 -0.79391905728209 0.23334221913805
19.6198022 -1.83731595482861 0.817324584196184 -0.79391905728209 0.23150704554514
19.7100363 -1.82906262925203 0.808929394958142 -0.79391905728209 0.226050987110465
19.8628825 -1.82287263506959 0.80263300302961 -0.79391905728209 0.218216529668494
20.0021541 -1.814619309493 0.794237813791568 -0.79391905728209 0.214920324054167
20.1117353 -1.80842931531056 0.787941421863037 -0.79391905728209 0.211680177071511
20.2039863 -1.80017598973398 0.779546232624994 -0.79391905728209 0.210812970930907
20.318049 -1.79398599555154 0.773249840696463 -0.79391905728209 0.213157212496147
20.4243522 -1.78573266997495 0.76485465145842 -0.79391905728209 0.208718013521356
20.5162337 -1.77954267579251 0.758558259529889 -0.79391905728209 0.205266883280759
20.6156257 -1.77128935021592 0.750163070291846 -0.79391905728209 0.205009164293297
20.7064586 -1.76509935603348 0.743866678363315 -0.79391905728209 0.201115389902515
20.7991924 -1.7568460304569 0.735471489125272 -0.79391905728209 0.201665187221582
20.893086 -1.75065603627446 0.729175097196741 -0.79391905728209 0.201994443867914
20.9844744 -1.74240271069787 0.720779907958698 -0.79391905728209 0.200058256869968
21.2008033 -1.73621271651543 0.714483516030167 -0.79391905728209 0.201506696112858
21.3685656 -1.72795939093885 0.706088326792124 -0.79391905728209 0.200824373601475
21.4722948 -1.72176939675641 0.699791934863593 -0.79391905728209 0.20101942601173
21.5601662 -1.71351607117982 0.69139674562555 -0.79391905728209 0.197904233117769
21.6510128 -1.70732607699738 0.685100353697019 -0.79391905728209 0.196353757566314
21.7421442 -1.69907275142079 0.676705164458976 -0.79391905728209 0.199581773207544
21.9303544 -1.69288275723835 0.670408772530445 -0.79391905728209 0.198930331529065
22.0207181 -1.68462943166177 0.662013583292402 -0.79391905728209 0.199910994793879
22.1868096 -1.67843943747933 0.655717191363871 -0.79391905728209 0.19461181678008
22.3716387 -1.67018611190274 0.647322002125828 -0.79391905728209 0.193833847682609
22.5632552 -1.6639961177203 0.641025610197297 -0.79391905728209 0.197770878852
22.6690863 -1.65574279214371 0.632630420959254 -0.79391905728209 0.198726869808691
22.7621764 -1.64955279796127 0.626334029030723 -0.79391905728209 0.191794215870337
22.9104928 -1.64129947238469 0.61793883979268 -0.79391905728209 0.186376681137839
23.0014523 -1.63510947820225 0.611642447864149 -0.79391905728209 0.187012468926026
23.0937358 -1.62685615262566 0.603247258626106 -0.79391905728209 0.179245690956744
23.1898301 -1.62066615844322 0.596950866697575 -0.79391905728209 0.175766011501446
23.3319956 -1.61241283286664 0.588555677459532 -0.79391905728209 0.176742666221589
23.52402 -1.6062228386842 0.582259285531001 -0.79391905728209 0.177940808362316
23.6551174 -1.59796951310761 0.573864096292958 -0.79391905728209 0.1795904847155
23.7442983 -1.59177951892517 0.567567704364427 -0.79391905728209 0.184558651330971
23.8344178 -1.58352619334858 0.559172515126384 -0.79391905728209 0.180514259446121
24.0218424 -1.57733619916614 0.552876123197853 -0.79391905728209 0.177236621184371
24.1122207 -1.56908287358956 0.54448093395981 -0.79391905728209 0.179629776813699
24.2028265 -1.56289287940712 0.538184542031279 -0.79391905728209 0.176675232215195
24.3634487 -1.55463955383053 0.529789352793236 -0.79391905728209 0.174994096627044
24.4563279 -1.54844955964809 0.523492960864705 -0.79391905728209 0.179030738892714
24.5493825 -1.54019623407151 0.515097771626662 -0.79391905728209 0.178822005889679
24.6415283 -1.53400623988907 0.508801379698131 -0.79391905728209 0.178714401345105
24.8105834 -1.52575291431248 0.500406190460089 -0.79391905728209 0.173522154724351
24.9300597 -1.51956292013004 0.494109798531557 -0.79391905728209 0.173085504452957
25.1043331 -1.51130959455345 0.485714609293515 -0.79391905728209 0.173673298852475
25.2793463 -1.50511960037101 0.479418217364983 -0.79391905728209 0.173134635560852
25.3944062 -1.49686627479443 0.471023028126941 -0.79391905728209 0.176698137617542
25.5605785 -1.49067628061199 0.464726636198409 -0.79391905728209 0.173780452416259
25.6985051 -1.4824229550354 0.456331446960367 -0.79391905728209 0.173384166298657
25.8180892 -1.47623296085296 0.450035055031835 -0.79391905728209 0.166979924355952
25.9076579 -1.46797963527637 0.441639865793793 -0.79391905728209 0.167744507587866
26.0834554 -1.46178964109394 0.435343473865261 -0.79391905728209 0.168537422408996
26.3428952 -1.45353631551735 0.426948284627219 -0.79391905728209 0.167945015207583
26.5190156 -1.44734632133491 0.420651892698687 -0.79391905728209 0.168061692151917
26.6113787 -1.43909299575832 0.412256703460645 -0.79391905728209 0.170036300029583
26.7071655 -1.43290300157588 0.405960311532113 -0.79391905728209 0.169509666884045
26.8021402 -1.4246496759993 0.397565122294071 -0.79391905728209 0.169131743443085
26.9672224 -1.41845968181686 0.391268730365539 -0.79391905728209 0.168739084252916
27.1606012 -1.41020635624027 0.382873541127497 -0.79391905728209 0.167528860624831
27.391712 -1.40401636205783 0.376577149198965 -0.79391905728209 0.166911314157913
27.5799097 -1.39576303648124 0.368181959960923 -0.79391905728209 0.16516695128714
27.7801648 -1.3895730422988 0.361885568032391 -0.79391905728209 0.165666244536285
27.8873161 -1.38131971672222 0.353490378794349 -0.79391905728209 0.168584203331778
27.981341 -1.37512972253978 0.347193986865817 -0.79391905728209 0.162454044517796
28.1499441 -1.36687639696319 0.338798797627775 -0.79391905728209 0.163909633522032
28.2795267 -1.36068640278075 0.332502405699244 -0.79391905728209 0.158925631504277
28.368705 -1.35243307720417 0.324107216461201 -0.79391905728209 0.155214756620192
28.4628869 -1.34624308302173 0.31781082453267 -0.79391905728209 0.155190431419854
28.6762867 -1.33798975744514 0.309415635294627 -0.79391905728209 0.154837063104858
28.898353 -1.3317997632627 0.303119243366096 -0.79391905728209 0.148227912954997
29.0148374 -1.32354643768611 0.294724054128053 -0.79391905728209 0.142673178152408
29.1072432 -1.31735644350367 0.288427662199522 -0.79391905728209 0.141859257673839
29.1985282 -1.30910311792709 0.28003247296148 -0.79391905728209 0.141509159331013
29.4212928 -1.30291312374465 0.273736081032948 -0.79391905728209 0.138422275977506
29.6609156 -1.29465979816806 0.265340891794906 -0.79391905728209 0.131973164906849
29.9491267 -1.28846980398562 0.259044499866374 -0.79391905728209 0.125598555890478
30.1823864 -1.28021647840904 0.250649310628332 -0.79391905728209 0.124625210601742
30.3933289 -1.2740264842266 0.2443529186998 -0.79391905728209 0.129181510889642
30.5424207 -1.26577315865001 0.235957729461758 -0.79391905728209 0.13134135489381
30.6315408 -1.25958316446757 0.229661337533226 -0.79391905728209 0.131203280345724
30.7221868 -1.25132983889098 0.221266148295184 -0.79391905728209 0.132898138366774
30.816006 -1.24513984470854 0.214969756366652 -0.79391905728209 0.127284762017508
30.9092518 -1.23688651913196 0.20657456712861 -0.79391905728209 0.130214958967352
31.0004195 -1.23069652494952 0.200278175200078 -0.79391905728209 0.128157167871983
31.0886347 -1.22244319937293 0.191882985962036 -0.79391905728209 0.129014806671386
31.179888 -1.21625320519049 0.185586594033504 -0.79391905728209 0.127426532641359
31.2735092 -1.2079998796139 0.177191404795462 -0.79391905728209 0.132307180687868
31.3640196 -1.20180988543146 0.17089501286693 -0.79391905728209 0.134421403509306
31.4550091 -1.19355655985488 0.162499823628888 -0.79391905728209 0.131721565927584
31.5438935 -1.18736656567244 0.156203431700356 -0.79391905728209 0.128820883346642
31.6341684 -1.17911324009585 0.147808242462314 -0.79391905728209 0.127304802663448
31.7261414 -1.17292324591341 0.141511850533782 -0.79391905728209 0.125906317344148
31.9279308 -1.16466992033683 0.13311666129574 -0.79391905728209 0.123800702709753
32.0264453 -1.15847992615439 0.126820269367209 -0.79391905728209 0.124986388412083
32.1338724 -1.1502266005778 0.118425080129166 -0.79391905728209 0.127857331136245
32.229442 -1.14403660639536 0.112128688200635 -0.79391905728209 0.124841755861693
32.319769 -1.13578328081877 0.103733498962592 -0.79391905728209 0.126282986190365
32.409126 -1.12959328663633 0.0974371070340607 -0.79391905728209 0.123039892439598
32.4983385 -1.12133996105975 0.0890419177960184 -0.79391905728209 0.120527303568331
32.5905596 -1.11514996687731 0.0827455258674868 -0.79391905728209 0.122348008560273
32.6854291 -1.10689664130072 0.0743503366294445 -0.79391905728209 0.117981720073656
32.8962002 -1.10070664711828 0.0680539447009128 -0.79391905728209 0.123419871914633
33.1132689 -1.0924533215417 0.0596587554628706 -0.79391905728209 0.1211146667732
33.2763942 -1.08626332735926 0.0533623635343389 -0.79391905728209 0.120251462952648
33.377439 -1.07801000178267 0.0449671742962967 -0.79391905728209 0.124065841672777
33.5887515 -1.07182000760023 0.038670782367765 -0.79391905728209 0.123727441872475
33.6917939 -1.06356668202364 0.0302755931297227 -0.79391905728209 0.125636726566056
33.7786984 -1.0573766878412 0.023979201201191 -0.79391905728209 0.125932528564528
33.8662088 -1.04912336226462 0.0155840119631488 -0.79391905728209 0.123869839014966
33.9525398 -1.04293336808218 0.00928762003461712 -0.79391905728209 0.124988910391064
34.1117653 -1.03468004250559 0.000892430796574872 -0.79391905728209 0.126425727401441
34.2907343 -1.02849004832315 -0.00540396113195681 -0.79391905728209 0.12863794394877
34.4698538 -1.02023672274656 -0.0137991503699991 -0.79391905728209 0.130995439020657
34.5688403 -1.01404672856413 -0.0200955422985307 -0.79391905728209 0.130825356181172
34.6569709 -1.00579340298754 -0.028490731536573 -0.79391905728209 0.134237977728624
34.6675155 -1.00579340298754 -0.028490731536573 -0.79391905728209 0.134237977728624
34.6778314 -1.00579340298754 -0.028490731536573 -0.79391905728209 0.134237977728624
34.6886968 -1.00579340298754 -0.028490731536573 -0.79391905728209 0.134237977728624
34.6997949 -1.00579340298754 -0.028490731536573 -0.79391905728209 0.134237977728624
34.7102104 -1.00579340298754 -0.028490731536573 -0.79391905728209 0.134237977728624
34.7210288 -1.00579340298754 -0.028490731536573 -0.79391905728209 0.134237977728624
34.7319074 -1.00579340298754 -0.028490731536573 -0.79391905728209 0.134237977728624
34.7431761 -1.00579340298754 -0.028490731536573 -0.79391905728209 0.134237977728624
34.7536139 -1.00579340298754 -0.028490731536573 -0.79391905728209 0.134237977728624
34.7643848 -1.00579340298754 -0.028490731536573 -0.79391905728209 0.134237977728624
34.7752185 -1.00579340298754 -0.028490731536573 -0.79391905728209 0.134237977728624
34.7864419 -1.00579340298754 -0.028490731536573 -0.79391905728209 0.134237977728624
34.7975126 -1.00579340298754 -0.028490731536573 -0.79391905728209 0.134237977728624
34.8085461 -1.00579340298754 -0.028490731536573 -0.79391905728209 0.134237977728624
34.8195351 -1.00579340298754 -0.028490731536573 -0.79391905728209 0.134237977728624
34.8300926 -1.00579340298754 -0.028490731536573 -0.79391905728209 0.134237977728624
34.8413937 -1.00579340298754 -0.028490731536573 -0.79391905728209 0.134237977728624
34.852742 -1.00579340298754 -0.028490731536573 -0.79391905728209 0.134237977728624
34.863849 -1.00579340298754 -0.028490731536573 -0.79391905728209 0.134237977728624
34.8746712 -1.00579340298754 -0.028490731536573 -0.79391905728209 0.134237977728624
34.8857047 -1.00579340298754 -0.028490731536573 -0.79391905728209 0.134237977728624
34.8967176 -1.00579340298754 -0.028490731536573 -0.79391905728209 0.134237977728624
34.9087001 -1.00579340298754 -0.028490731536573 -0.79391905728209 0.134237977728624
34.9200115 -1.00579340298754 -0.028490731536573 -0.79391905728209 0.134237977728624
34.9315907 -1.00579340298754 -0.028490731536573 -0.79391905728209 0.134237977728624
34.9426306 -1.00579340298754 -0.028490731536573 -0.79391905728209 0.134237977728624
34.9538035 -1.00579340298754 -0.028490731536573 -0.79391905728209 0.134237977728624
34.9647112 -1.00579340298754 -0.028490731536573 -0.79391905728209 0.134237977728624
34.9760492 -1.00579340298754 -0.028490731536573 -0.79391905728209 0.134237977728624
34.9871823 -1.00579340298754 -0.028490731536573 -0.79391905728209 0.134237977728624
34.9994043 -1.00579340298754 -0.028490731536573 -0.79391905728209 0.134237977728624
35.0105896 -1.00579340298754 -0.028490731536573 -0.79391905728209 0.134237977728624
35.0220336 -1.00579340298754 -0.028490731536573 -0.79391905728209 0.134237977728624
35.0335413 -1.00579340298754 -0.028490731536573 -0.79391905728209 0.134237977728624
35.0450563 -1.00579340298754 -0.028490731536573 -0.79391905728209 0.134237977728624
35.0566761 -1.00579340298754 -0.028490731536573 -0.79391905728209 0.134237977728624
35.0688502 -1.00579340298754 -0.028490731536573 -0.79391905728209 0.134237977728624
35.0799012 -1.00579340298754 -0.028490731536573 -0.79391905728209 0.134237977728624
35.0918823 -1.00579340298754 -0.028490731536573 -0.79391905728209 0.134237977728624
35.1030232 -1.00579340298754 -0.028490731536573 -0.79391905728209 0.134237977728624
35.1152951 -1.00579340298754 -0.028490731536573 -0.79391905728209 0.134237977728624
35.1261592 -1.00579340298754 -0.028490731536573 -0.79391905728209 0.134237977728624
35.1379291 -1.00579340298754 -0.028490731536573 -0.79391905728209 0.134237977728624
35.148937 -1.00579340298754 -0.028490731536573 -0.79391905728209 0.134237977728624
35.1609639 -1.00579340298754 -0.028490731536573 -0.79391905728209 0.134237977728624
35.1719644 -1.00579340298754 -0.028490731536573 -0.79391905728209 0.134237977728624
35.1839986 -1.00579340298754 -0.028490731536573 -0.79391905728209 0.134237977728624
35.1950077 -1.00579340298754 -0.028490731536573 -0.79391905728209 0.134237977728624
35.2068858 -1.00579340298754 -0.028490731536573 -0.79391905728209 0.134237977728624
35.2181524 -1.00579340298754 -0.028490731536573 -0.79391905728209 0.134237977728624
35.229646 -1.00579340298754 -0.028490731536573 -0.79391905728209 0.134237977728624
35.241253 -1.00579340298754 -0.028490731536573 -0.79391905728209 0.134237977728624
35.2523908 -1.00579340298754 -0.028490731536573 -0.79391905728209 0.134237977728624
35.2634273 -1.00579340298754 -0.028490731536573 -0.79391905728209 0.134237977728624
35.2748529 -1.00579340298754 -0.028490731536573 -0.79391905728209 0.134237977728624
35.2857474 -1.00579340298754 -0.028490731536573 -0.79391905728209 0.134237977728624
35.2979094 -1.00579340298754 -0.028490731536573 -0.79391905728209 0.134237977728624
35.3088133 -1.00579340298754 -0.028490731536573 -0.79391905728209 0.134237977728624
35.3208202 -1.00579340298754 -0.028490731536573 -0.79391905728209 0.134237977728624
35.3323317 -1.00579340298754 -0.028490731536573 -0.79391905728209 0.134237977728624
35.3448295 -1.00579340298754 -0.028490731536573 -0.79391905728209 0.134237977728624
35.3555033 -1.00579340298754 -0.028490731536573 -0.79391905728209 0.134237977728624
35.3670744 -1.00579340298754 -0.028490731536573 -0.79391905728209 0.134237977728624
35.3779954 -1.00579340298754 -0.028490731536573 -0.79391905728209 0.134237977728624
35.388777 -1.00579340298754 -0.028490731536573 -0.79391905728209 0.134237977728624
35.4003621 -1.00579340298754 -0.028490731536573 -0.79391905728209 0.134237977728624
35.4116672 -1.00579340298754 -0.028490731536573 -0.79391905728209 0.134237977728624
35.4227002 -1.00579340298754 -0.028490731536573 -0.79391905728209 0.134237977728624
35.4342828 -1.00579340298754 -0.028490731536573 -0.79391905728209 0.134237977728624
35.4458782 -1.00579340298754 -0.028490731536573 -0.79391905728209 0.134237977728624
35.4572594 -1.00579340298754 -0.028490731536573 -0.79391905728209 0.134237977728624
35.4682394 -1.00579340298754 -0.028490731536573 -0.79391905728209 0.134237977728624
35.4802475 -1.00579340298754 -0.028490731536573 -0.79391905728209 0.134237977728624
35.491621 -1.00579340298754 -0.028490731536573 -0.79391905728209 0.134237977728624
35.5030983 -1.00579340298754 -0.028490731536573 -0.79391905728209 0.134237977728624
35.5142926 -1.00579340298754 -0.028490731536573 -0.79391905728209 0.134237977728624
35.5256101 -1.00579340298754 -0.028490731536573 -0.79391905728209 0.134237977728624
35.5366008 -1.00579340298754 -0.028490731536573 -0.79391905728209 0.134237977728624
35.5487077 -1.00579340298754 -0.028490731536573 -0.79391905728209 0.134237977728624
35.5604048 -1.00579340298754 -0.028490731536573 -0.79391905728209 0.134237977728624
35.5717026 -1.00579340298754 -0.028490731536573 -0.79391905728209 0.134237977728624
35.5831573 -1.00579340298754 -0.028490731536573 -0.79391905728209 0.134237977728624
35.5943978 -1.00579340298754 -0.028490731536573 -0.79391905728209 0.134237977728624
35.6054137 -1.00579340298754 -0.028490731536573 -0.79391905728209 0.134237977728624
35.6174176 -1.00579340298754 -0.028490731536573 -0.79391905728209 0.134237977728624
35.6284335 -1.00579340298754 -0.028490731536573 -0.79391905728209 0.134237977728624
35.6407264 -1.00579340298754 -0.028490731536573 -0.79391905728209 0.134237977728624
35.6520062 -1.00579340298754 -0.028490731536573 -0.79391905728209 0.134237977728624
35.6639758 -1.00579340298754 -0.028490731536573 -0.79391905728209 0.134237977728624
35.675437 -1.00579340298754 -0.028490731536573 -0.79391905728209 0.134237977728624
35.6872005 -1.00579340298754 -0.028490731536573 -0.79391905728209 0.134237977728624
35.6981352 -1.00579340298754 -0.028490731536573 -0.79391905728209 0.134237977728624
35.7097853 -1.00579340298754 -0.028490731536573 -0.79391905728209 0.134237977728624
35.7206242 -1.00579340298754 -0.028490731536573 -0.79391905728209 0.134237977728624
35.731963 -1.00579340298754 -0.028490731536573 -0.79391905728209 0.134237977728624
35.7430748 -1.00579340298754 -0.028490731536573 -0.79391905728209 0.134237977728624
35.7550812 -1.00579340298754 -0.028490731536573 -0.79391905728209 0.134237977728624
35.7660894 -1.00579340298754 -0.028490731536573 -0.79391905728209 0.134237977728624
35.7780133 -1.00579340298754 -0.028490731536573 -0.79391905728209 0.134237977728624
35.7897258 -1.00579340298754 -0.028490731536573 -0.79391905728209 0.134237977728624
35.8008769 -1.00579340298754 -0.028490731536573 -0.79391905728209 0.134237977728624
35.8118437 -1.00579340298754 -0.028490731536573 -0.79391905728209 0.134237977728624
35.8233587 -1.00579340298754 -0.028490731536573 -0.79391905728209 0.134237977728624
35.8346723 -1.00579340298754 -0.028490731536573 -0.79391905728209 0.134237977728624
35.8458862 -1.00579340298754 -0.028490731536573 -0.79391905728209 0.134237977728624
35.8568782 -1.00579340298754 -0.028490731536573 -0.79391905728209 0.134237977728624
35.8686024 -1.00579340298754 -0.028490731536573 -0.79391905728209 0.134237977728624
35.8796277 -1.00579340298754 -0.028490731536573 -0.79391905728209 0.134237977728624
35.8912125 -1.00579340298754 -0.028490731536573 -0.79391905728209 0.134237977728624
35.902219 -1.00579340298754 -0.028490731536573 -0.79391905728209 0.134237977728624
35.9142288 -1.00579340298754 -0.028490731536573 -0.79391905728209 0.134237977728624
35.925524 -1.00579340298754 -0.028490731536573 -0.79391905728209 0.134237977728624
35.9368658 -1.00579340298754 -0.028490731536573 -0.79391905728209 0.134237977728624
35.9486618 -1.00579340298754 -0.028490731536573 -0.79391905728209 0.134237977728624
35.9604385 -1.00579340298754 -0.028490731536573 -0.79391905728209 0.134237977728624
35.9718107 -1.00579340298754 -0.028490731536573 -0.79391905728209 0.134237977728624
35.983404 -1.00579340298754 -0.028490731536573 -0.79391905728209 0.134237977728624
35.994334 -1.00579340298754 -0.028490731536573 -0.79391905728209 0.134237977728624
36.0063541 -1.00579340298754 -0.028490731536573 -0.79391905728209 0.134237977728624
36.0173563 -1.00579340298754 -0.028490731536573 -0.79391905728209 0.134237977728624
36.0286468 -1.00579340298754 -0.028490731536573 -0.79391905728209 0.134237977728624
36.0396871 -1.00579340298754 -0.028490731536573 -0.79391905728209 0.134237977728624
36.0517047 -1.00579340298754 -0.028490731536573 -0.79391905728209 0.134237977728624
36.062712 -1.00579340298754 -0.028490731536573 -0.79391905728209 0.134237977728624
36.074712 -1.00579340298754 -0.028490731536573 -0.79391905728209 0.134237977728624
36.0858344 -1.00579340298754 -0.028490731536573 -0.79391905728209 0.134237977728624
36.0976155 -1.00579340298754 -0.028490731536573 -0.79391905728209 0.134237977728624
36.1094901 -1.00579340298754 -0.028490731536573 -0.79391905728209 0.134237977728624
36.1213528 -1.00579340298754 -0.028490731536573 -0.79391905728209 0.134237977728624
36.1323829 -1.00579340298754 -0.028490731536573 -0.79391905728209 0.134237977728624
36.1437897 -1.00579340298754 -0.028490731536573 -0.79391905728209 0.134237977728624
36.1549455 -1.00579340298754 -0.028490731536573 -0.79391905728209 0.134237977728624
36.1673329 -1.00579340298754 -0.028490731536573 -0.79391905728209 0.134237977728624
36.1787671 -1.00579340298754 -0.028490731536573 -0.79391905728209 0.134237977728624
36.1907774 -1.00579340298754 -0.028490731536573 -0.79391905728209 0.134237977728624
36.2018113 -1.00579340298754 -0.028490731536573 -0.79391905728209 0.134237977728624
36.2134045 -1.00579340298754 -0.028490731536573 -0.79391905728209 0.134237977728624
36.2248922 -1.00579340298754 -0.028490731536573 -0.79391905728209 0.134237977728624
36.2366014 -1.00579340298754 -0.028490731536573 -0.79391905728209 0.134237977728624
36.2484123 -1.00579340298754 -0.028490731536573 -0.79391905728209 0.134237977728624
36.2597999 -1.00579340298754 -0.028490731536573 -0.79391905728209 0.134237977728624
36.2717267 -1.00579340298754 -0.028490731536573 -0.79391905728209 0.134237977728624
36.2832058 -1.00579340298754 -0.028490731536573 -0.79391905728209 0.134237977728624
36.2943903 -1.00579340298754 -0.028490731536573 -0.79391905728209 0.134237977728624
36.3062842 -1.00579340298754 -0.028490731536573 -0.79391905728209 0.134237977728624
36.3174109 -1.00579340298754 -0.028490731536573 -0.79391905728209 0.134237977728624
36.3294228 -1.00579340298754 -0.028490731536573 -0.79391905728209 0.134237977728624
36.3404388 -1.00579340298754 -0.028490731536573 -0.79391905728209 0.134237977728624
36.3519547 -1.00579340298754 -0.028490731536573 -0.79391905728209 0.134237977728624
36.3631224 -1.00579340298754 -0.028490731536573 -0.79391905728209 0.134237977728624
36.3743026 -1.00579340298754 -0.028490731536573 -0.79391905728209 0.134237977728624
36.386383 -1.00579340298754 -0.028490731536573 -0.79391905728209 0.134237977728624
36.3981661 -1.00579340298754 -0.028490731536573 -0.79391905728209 0.134237977728624
36.4095584 -1.00579340298754 -0.028490731536573 -0.79391905728209 0.134237977728624
36.4210679 -1.00579340298754 -0.028490731536573 -0.79391905728209 0.134237977728624
36.4328805 -1.00579340298754 -0.028490731536573 -0.79391905728209 0.134237977728624
36.4440846 -1.00579340298754 -0.028490731536573 -0.79391905728209 0.134237977728624
36.4554076 -1.00579340298754 -0.028490731536573 -0.79391905728209 0.134237977728624
36.4673862 -1.00579340298754 -0.028490731536573 -0.79391905728209 0.134237977728624
36.4783923 -1.00579340298754 -0.028490731536573 -0.79391905728209 0.134237977728624
36.4904013 -1.00579340298754 -0.028490731536573 -0.79391905728209 0.134237977728624
36.502199 -1.00579340298754 -0.028490731536573 -0.79391905728209 0.134237977728624
36.5134625 -1.00579340298754 -0.028490731536573 -0.79391905728209 0.134237977728624
36.5251649 -1.00579340298754 -0.028490731536573 -0.79391905728209 0.134237977728624
36.5364122 -1.00579340298754 -0.028490731536573 -0.79391905728209 0.134237977728624
36.5491956 -1.00579340298754 -0.028490731536573 -0.79391905728209 0.134237977728624
36.560516 -1.00579340298754 -0.028490731536573 -0.79391905728209 0.134237977728624
36.5723591 -1.00579340298754 -0.028490731536573 -0.79391905728209 0.134237977728624
36.5839181 -1.00579340298754 -0.028490731536573 -0.79391905728209 0.134237977728624
36.5952065 -1.00579340298754 -0.028490731536573 -0.79391905728209 0.134237977728624
36.6064487 -1.00579340298754 -0.028490731536573 -0.79391905728209 0.134237977728624
36.6181775 -1.00579340298754 -0.028490731536573 -0.79391905728209 0.134237977728624
36.6302091 -1.00579340298754 -0.028490731536573 -0.79391905728209 0.134237977728624
36.6412516 -1.00579340298754 -0.028490731536573 -0.79391905728209 0.134237977728624
36.6531109 -1.00579340298754 -0.028490731536573 -0.79391905728209 0.134237977728624
36.6645147 -1.00579340298754 -0.028490731536573 -0.79391905728209 0.134237977728624
36.6760896 -1.00579340298754 -0.028490731536573 -0.79391905728209 0.134237977728624
36.687809 -1.00579340298754 -0.028490731536573 -0.79391905728209 0.134237977728624
36.6992808 -1.00579340298754 -0.028490731536573 -0.79391905728209 0.134237977728624
36.7103233 -1.00579340298754 -0.028490731536573 -0.79391905728209 0.134237977728624
36.7222185 -1.00579340298754 -0.028490731536573 -0.79391905728209 0.134237977728624
36.733379 -1.00579340298754 -0.028490731536573 -0.79391905728209 0.134237977728624
36.7445168 -1.00579340298754 -0.028490731536573 -0.79391905728209 0.134237977728624
36.7556786 -1.00579340298754 -0.028490731536573 -0.79391905728209 0.134237977728624
36.7676833 -1.00579340298754 -0.028490731536573 -0.79391905728209 0.134237977728624
36.7786919 -1.00579340298754 -0.028490731536573 -0.79391905728209 0.134237977728624
36.7904182 -1.00579340298754 -0.028490731536573 -0.79391905728209 0.134237977728624
36.8017596 -1.00579340298754 -0.028490731536573 -0.79391905728209 0.134237977728624
36.8128932 -1.00579340298754 -0.028490731536573 -0.79391905728209 0.134237977728624
36.8237577 -1.00579340298754 -0.028490731536573 -0.79391905728209 0.134237977728624
36.8349918 -1.00579340298754 -0.028490731536573 -0.79391905728209 0.134237977728624
36.8464503 -1.00579340298754 -0.028490731536573 -0.79391905728209 0.134237977728624
36.8577862 -1.00579340298754 -0.028490731536573 -0.79391905728209 0.134237977728624
36.8687743 -1.00579340298754 -0.028490731536573 -0.79391905728209 0.134237977728624
36.8803073 -1.00579340298754 -0.028490731536573 -0.79391905728209 0.134237977728624
36.8919711 -1.00579340298754 -0.028490731536573 -0.79391905728209 0.134237977728624
36.9030953 -1.00579340298754 -0.028490731536573 -0.79391905728209 0.134237977728624
36.9151042 -1.00579340298754 -0.028490731536573 -0.79391905728209 0.134237977728624
36.9271127 -1.00579340298754 -0.028490731536573 -0.79391905728209 0.134237977728624
36.9386273 -1.00579340298754 -0.028490731536573 -0.79391905728209 0.134237977728624
36.9495026 -1.00579340298754 -0.028490731536573 -0.79391905728209 0.134237977728624
36.9603389 -1.00579340298754 -0.028490731536573 -0.79391905728209 0.134237977728624
36.9719583 -1.00579340298754 -0.028490731536573 -0.79391905728209 0.134237977728624
36.9832714 -1.00579340298754 -0.028490731536573 -0.79391905728209 0.134237977728624
36.9940492 -1.00579340298754 -0.028490731536573 -0.79391905728209 0.134237977728624
37.0054654 -1.00579340298754 -0.028490731536573 -0.79391905728209 0.134237977728624
37.0175291 -1.00579340298754 -0.028490731536573 -0.79391905728209 0.134237977728624
37.0294577 -1.00579340298754 -0.028490731536573 -0.79391905728209 0.134237977728624
37.0405805 -1.00579340298754 -0.028490731536573 -0.79391905728209 0.134237977728624
37.0520878 -1.00579340298754 -0.028490731536573 -0.79391905728209 0.134237977728624
37.0636024 -1.00579340298754 -0.028490731536573 -0.79391905728209 0.134237977728624
37.0747749 -1.00579340298754 -0.028490731536573 -0.79391905728209 0.134237977728624
37.087782 -1.00579340298754 -0.028490731536573 -0.79391905728209 0.134237977728624
37.099811 -1.00579340298754 -0.028490731536573 -0.79391905728209 0.134237977728624
37.110833 -1.00579340298754 -0.028490731536573 -0.79391905728209 0.134237977728624
37.1218224 -1.00579340298754 -0.028490731536573 -0.79391905728209 0.134237977728624
37.1326844 -1.00579340298754 -0.028490731536573 -0.79391905728209 0.134237977728624
37.143212 -1.00579340298754 -0.028490731536573 -0.79391905728209 0.134237977728624
37.1556473 -1.00579340298754 -0.028490731536573 -0.79391905728209 0.134237977728624
37.1675493 -1.00579340298754 -0.028490731536573 -0.79391905728209 0.134237977728624
37.1789899 -1.00579340298754 -0.028490731536573 -0.79391905728209 0.134237977728624
37.1898814 -1.00579340298754 -0.028490731536573 -0.79391905728209 0.134237977728624
37.2019156 -1.00579340298754 -0.028490731536573 -0.79391905728209 0.134237977728624
37.2129025 -1.00579340298754 -0.028490731536573 -0.79391905728209 0.134237977728624
37.2249063 -1.00579340298754 -0.028490731536573 -0.79391905728209 0.134237977728624
37.2361288 -1.00579340298754 -0.028490731536573 -0.79391905728209 0.134237977728624
37.2477341 -1.00579340298754 -0.028490731536573 -0.79391905728209 0.134237977728624
37.2595048 -1.00579340298754 -0.028490731536573 -0.79391905728209 0.134237977728624
37.2713431 -1.00579340298754 -0.028490731536573 -0.79391905728209 0.134237977728624
37.2826199 -1.00579340298754 -0.028490731536573 -0.79391905728209 0.134237977728624
37.294312 -1.00579340298754 -0.028490731536573 -0.79391905728209 0.134237977728624
37.3057034 -1.00579340298754 -0.028490731536573 -0.79391905728209 0.134237977728624
37.3179934 -1.00579340298754 -0.028490731536573 -0.79391905728209 0.134237977728624
37.328949 -1.00579340298754 -0.028490731536573 -0.79391905728209 0.134237977728624
37.3404734 -1.00579340298754 -0.028490731536573 -0.79391905728209 0.134237977728624
37.352006 -1.00579340298754 -0.028490731536573 -0.79391905728209 0.134237977728624
37.3637652 -1.00579340298754 -0.028490731536573 -0.79391905728209 0.134237977728624
37.3754419 -1.00579340298754 -0.028490731536573 -0.79391905728209 0.134237977728624
37.387104 -1.00579340298754 -0.028490731536573 -0.79391905728209 0.134237977728624
37.3986442 -1.00579340298754 -0.028490731536573 -0.79391905728209 0.134237977728624
37.4106057 -1.00579340298754 -0.028490731536573 -0.79391905728209 0.134237977728624
37.422125 -1.00579340298754 -0.028490731536573 -0.79391905728209 0.134237977728624
37.433507 -1.00579340298754 -0.028490731536573 -0.79391905728209 0.134237977728624
37.4444173 -1.00579340298754 -0.028490731536573 -0.79391905728209 0.134237977728624
37.4559606 -1.00579340298754 -0.028490731536573 -0.79391905728209 0.134237977728624
37.4675077 -1.00579340298754 -0.028490731536573 -0.79391905728209 0.134237977728624
37.4796436 -1.00579340298754 -0.028490731536573 -0.79391905728209 0.134237977728624
37.4906459 -1.00579340298754 -0.028490731536573 -0.79391905728209 0.134237977728624
37.5026574 -1.00579340298754 -0.028490731536573 -0.79391905728209 0.134237977728624
37.5146882 -1.00579340298754 -0.028490731536573 -0.79391905728209 0.134237977728624
37.5266971 -1.00579340298754 -0.028490731536573 -0.79391905728209 0.134237977728624
37.5376947 -1.00579340298754 -0.028490731536573 -0.79391905728209 0.134237977728624
37.549208 -1.00579340298754 -0.028490731536573 -0.79391905728209 0.134237977728624
37.5601859 -1.00579340298754 -0.028490731536573 -0.79391905728209 0.134237977728624
37.5720687 -1.00579340298754 -0.028490731536573 -0.79391905728209 0.134237977728624
37.5833438 -1.00579340298754 -0.028490731536573 -0.79391905728209 0.134237977728624
37.5951881 -1.00579340298754 -0.028490731536573 -0.79391905728209 0.134237977728624
37.6062883 -1.00579340298754 -0.028490731536573 -0.79391905728209 0.134237977728624
37.6176981 -1.00579340298754 -0.028490731536573 -0.79391905728209 0.134237977728624
37.6294817 -1.00579340298754 -0.028490731536573 -0.79391905728209 0.134237977728624
37.640998 -1.00579340298754 -0.028490731536573 -0.79391905728209 0.134237977728624
37.6520037 -1.00579340298754 -0.028490731536573 -0.79391905728209 0.134237977728624
37.6640284 -1.00579340298754 -0.028490731536573 -0.79391905728209 0.134237977728624
37.6756876 -1.00579340298754 -0.028490731536573 -0.79391905728209 0.134237977728624
37.6872342 -1.00579340298754 -0.028490731536573 -0.79391905728209 0.134237977728624
37.6984221 -1.00579340298754 -0.028490731536573 -0.79391905728209 0.134237977728624
37.7105461 -1.00579340298754 -0.028490731536573 -0.79391905728209 0.134237977728624
37.7217117 -1.00579340298754 -0.028490731536573 -0.79391905728209 0.134237977728624
37.73355 -1.00579340298754 -0.028490731536573 -0.79391905728209 0.134237977728624
37.7449351 -1.00579340298754 -0.028490731536573 -0.79391905728209 0.134237977728624
37.7566117 -1.00579340298754 -0.028490731536573 -0.79391905728209 0.134237977728624
37.7682717 -1.00579340298754 -0.028490731536573 -0.79391905728209 0.134237977728624
37.7795652 -1.00579340298754 -0.028490731536573 -0.79391905728209 0.134237977728624
37.790573 -1.00579340298754 -0.028490731536573 -0.79391905728209 0.134237977728624
37.8025803 -1.00579340298754 -0.028490731536573 -0.79391905728209 0.134237977728624
37.8141984 -1.00579340298754 -0.028490731536573 -0.79391905728209 0.134237977728624
37.825503 -1.00579340298754 -0.028490731536573 -0.79391905728209 0.134237977728624
37.8364744 -1.00579340298754 -0.028490731536573 -0.79391905728209 0.134237977728624
37.8479253 -1.00579340298754 -0.028490731536573 -0.79391905728209 0.134237977728624
37.8589635 -1.00579340298754 -0.028490731536573 -0.79391905728209 0.134237977728624
37.8702407 -1.00579340298754 -0.028490731536573 -0.79391905728209 0.134237977728624
37.8812648 -1.00579340298754 -0.028490731536573 -0.79391905728209 0.134237977728624
37.8931053 -1.00579340298754 -0.028490731536573 -0.79391905728209 0.134237977728624
37.9039702 -1.00579340298754 -0.028490731536573 -0.79391905728209 0.134237977728624
37.9159073 -1.00579340298754 -0.028490731536573 -0.79391905728209 0.134237977728624
37.926946 -1.00579340298754 -0.028490731536573 -0.79391905728209 0.134237977728624
37.9389549 -1.00579340298754 -0.028490731536573 -0.79391905728209 0.134237977728624
37.9498434 -1.00579340298754 -0.028490731536573 -0.79391905728209 0.134237977728624
37.9631503 -1.00579340298754 -0.028490731536573 -0.79391905728209 0.134237977728624
37.9751272 -1.00579340298754 -0.028490731536573 -0.79391905728209 0.134237977728624
